-0.255880288 0.511431513 -0.226096165 -0.0252054738 -0.0744014552 -0.0170641558 0.015625
1.11191738 0.424146684 1.03687908 0.0199122182 0.0315815708 0.0148261328 0.015625
-1.66606253 0.855250969 0.506384846 0.0399054431 -0.135309164 -0.139511049 0.015625
-0.889615345 -0.468189276 0.305445992 -0.00367293844 0.0416779919 -0.05137878 0.015625
0.308703149 0.394154477 -0.661137348 0.137402425 0.0445287485 0.095760419 0.015625
-0.620332914 -0.739515896 -0.344046679 -0.00851370652 0.0505662996 0.0198741803 0.015625
-0.447354895 -0.956912314 -0.52059031 0.0976737052 -0.0646357143 0.0195806998 0.015625
0.426518975 -1.48974313 0.0484743578 0.104499488 -0.161149106 -0.0257275081 0.015625
-0.106139169 -0.817260302 0.497390011 -0.00498239159 -0.117172533 0.0662276703 0.015625
0.66933569 0.945841792 1.44059741 0.0289794936 0.00954193203 -0.103933447 0.015625
0.615443213 -0.61175892 -0.4527019 -0.101183022 -0.0774091462 -0.0424896874 0.015625
1.28883754 -2.03179205 -1.45770555 0.0191480877 0.11546798 0.046279756 0.015625
-1.89994328 -2.51823483 0.357397216 -0.0589009552 -0.0895829259 0.0781896993 0.015625
1.1017862 0.15725188 0.24577651 0.0347490248 0.127520325 0.0495222883 0.015625
0.518649539 0.547737574 -1.56831052 0.102538681 0.0764081667 0.0423698977 0.015625
-1.97387544 -0.633680026 0.842303594 -0.14489714 -0.0147217783 0.0815622137 0.015625
-1.31118861 1.6101062 0.551963972 -0.0120111001 0.0259893457 0.0519864793 0.015625
0.120393726 1.14566024 -0.661544566 -0.0331788925 0.0833347642 0.00214391532 0.015625
-0.880464081 0.946455265 1.46549757 -0.0355860868 -0.110399455 -0.0107798561 0.015625
-0.149018804 -0.29799965 1.4047703 -0.0821549179 0.100846932 -0.101465758 0.015625
-0.787039467 0.631521279 1.12869031 0.068720188 0.0276179797 0.011388507 0.015625
0.15248179 0.575280271 -0.176197458 0.0221948797 0.0458181227 6.71581179e-05 0.015625
0.763982389 0.565878129 2.0106322 0.0259954109 -0.0342074362 -0.0298040973 0.015625
-0.0131055978 0.923784604 -0.336563688 0.0308660794 0.146984102 -0.205174358 0.015625
-1.12390859 0.243897017 0.398335394 0.0190858663 -0.0344921199 0.0524116955 0.015625
0.282130066 -0.522051338 2.43005388 0.028410629 -0.0443383177 -0.00795588417 0.015625
-0.22559529 -0.0627415466 -2.72808534 -0.0389519224 0.0806855606 -0.0934849812 0.015625
-0.0667001908 0.953505374 0.856176766 0.11928416 -0.136113068 -0.0282700805 0.015625
-0.340949989 0.623289846 1.0917875 -0.214626366 0.0870943432 -0.115803474 0.015625
0.683149876 -1.4921384 0.175852733 0.0955723688 -0.0119455689 0.0152882473 0.015625
0.797123645 0.141377195 -0.0884813819 0.122660485 0.0838776581 -0.0235052048 0.015625
2.74532522 -1.14683904 0.914609116 -0.0212571662 0.0105892574 0.0564004495 0.015625
0.222222132 0.638645308 -1.52732536 -0.120760887 0.0491954072 -0.0770526796 0.015625
-1.02664825 -1.47013939 1.26638005 0.0597246407 0.117845978 -0.0750190154 0.015625
0.00100636118 -1.1403069 0.766037385 0.127153831 -0.0712176801 0.124826538 0.015625
0.988029494 -0.177834667 -1.97197069 0.112530539 -0.00770083935 -0.0482262596 0.015625
0.39959538 0.409964334 1.49809504 -0.0816112649 0.0908989856 0.118988831 0.015625
1.45223601 -0.180624573 -0.744028552 0.081485818 0.00921482501 0.00993515887 0.015625
1.42421463 -0.263436467 -2.29672521 -0.0309752966 -0.148313855 0.0655026665 0.015625
0.317034787 -0.611207151 -0.00959929774 0.066609921 0.00631560726 0.106121721 0.015625
-0.0612848155 1.04033477 1.49148076 0.128791439 -0.05374555 0.0703923367 0.015625
-1.87599591 -1.08334939 -1.96279151 0.0855188498 -0.0985547778 -0.00102112343 0.015625
-0.192213981 -0.0285975278 -0.591521777 0.018693054 0.143301367 0.00354148429 0.015625
0.530982149 1.00051937 -0.197947691 -0.100775291 -0.0444316377 0.0858875791 0.015625
-1.64622557 -0.597845821 1.00741065 0.063418932 0.000609450259 0.0644188637 0.015625
0.165979432 -1.17891546 -1.56394237 -0.0511161709 0.0738184088 -0.0452436121 0.015625
-0.9023586 -0.770960512 -1.53176695 -0.00938199362 -0.0943685562 0.0291316773 0.015625
-2.36009641 0.32778121 -0.641610757 -0.155371834 0.0579767559 -0.0220406601 0.015625
-2.23003678 -0.875063197 0.291024245 -0.0366865768 0.062398695 0.0598045553 0.015625
0.666236642 0.326625288 1.33369695 0.0527867336 0.036097454 -0.166718312 0.015625
0.89655578 1.30942516 -0.296898083 -0.0375605953 0.155223877 -0.140650603 0.015625
0.468856933 2.42371578 -0.927600741 0.0551671008 0.150910467 -0.00961685696 0.015625
0.561196843 0.902575644 -0.90576833 -0.00712766409 0.0234241378 0.0660307925 0.015625
-0.0345341169 -0.195340315 -1.01607606 -0.0287180142 0.0713337964 0.00813945736 0.015625
-0.853028446 -0.841604088 2.66667983 0.0911915433 0.0509916353 -0.207433512 0.015625
0.621481571 0.4806935 1.68409696 0.0342208676 -0.00539906618 0.0417955418 0.015625
-1.94420845 1.03325324 0.324884873 -0.0561657042 0.106045785 0.144747163 0.015625
-1.40240123 -0.666334239 0.291265443 0.0146772033 -0.0318784526 -0.0779368646 0.015625
2.12046741 1.03738741 -1.1942286 -0.107600639 0.136250279 0.0791319031 0.015625
1.82097061 0.810143398 -0.872075499 0.020853238 -0.172804993 -0.0598495064 0.015625
-0.0589089822 0.522754809 -0.727551317 -0.0099379376 0.0366837755 0.030135103 0.015625
0.637996284 0.208981719 -0.323934697 0.0631325571 0.00394875343 -0.0660876482 0.015625
-0.625928167 -0.000348447581 -0.109603693 0.0125595397 -3.96707974e-05 0.0140695256 0.015625
-0.13428899 -1.2584316 0.421353559 0.084295236 0.0347714348 -0.0151396767 0.015625
