0 0 0 0 0 0 1000
-3.2808612 -1.29356029 0.00994999628 6.17647693 -15.6654187 -0.00513209949 0.001
-3.16199648 -1.93452792 0.00478012102 8.57176497 -14.0105968 0.0109818477 0.001
1.08610306 -3.9238931 0.00705927903 15.1041545 4.18071239 0.00474085713 0.001
0.679024435 -1.72627457 -0.00101781497 21.6066325 8.49889794 -0.00274236622 0.001
4.83865606 -1.08930232 -0.00784935378 3.11858843 13.8526986 -0.0113834337 0.001
2.27570298 0.215127899 -0.00344865597 -1.96845516 20.8230513 -0.000621583466 0.001
0.124611234 2.45942445 0.0109680212 -20.1255687 1.01969872 0.00209816121 0.001
1.91297808 -2.91513864 -0.0141969712 14.1587695 9.29129591 -0.00171417111 0.001
-1.92444755 -3.13817886 -0.0077856553 14.0502225 -8.61611701 0.00213886168 0.001
4.99289341 -0.135191717 0.00842323953 0.382986022 14.1444198 -0.0132332527 0.001
0.385652613 3.00206022 -0.000926699049 -18.0284717 2.31598527 0.00370181545 0.001
-3.59793498 2.60026879 0.00563744602 -8.79145098 -12.1645382 -0.00812025965 0.001
2.81536334 -4.01605171 0.00686093194 11.6921953 8.19655231 2.34915145e-05 0.001
-4.7083922 0.898563974 0.00998866113 -2.70762104 -14.187684 -0.00123898095 0.001
-1.17906481 -1.24699036 0.00141293917 17.5399903 -16.5845591 -0.00780283783 0.001
-0.906755332 1.58772592 0.0164189556 -20.307926 -11.5979212 -0.0037702647 0.001
0.0464246073 2.04521943 0.0028297274 -22.1035617 0.5017306 0.00208447707 0.001
1.98284959 4.05899198 -0.0101446774 -13.3684818 6.53060878 -0.00396468133 0.001
-0.279822735 -2.44910042 0.00977093246 20.0111556 -2.28638085 0.010532512 0.001
-1.7887944 0.972367391 0.00183351622 -10.5843621 -19.4712902 0.0077151931 0.001
1.62495196 -4.65885742 -0.00693804632 13.4420791 4.68843127 0.0196008595 0.001
-2.02006802 1.58172387 0.00873864133 -12.1712805 -15.5443152 -0.0113573243 0.001
1.9210423 -0.129326187 0.00176945241 1.53076392 22.7383356 0.00752496331 0.001
-2.1208413 3.91849755 -0.00112053737 -13.1751839 -7.1309153 0.00374042042 0.001
-1.60637677 -0.919404658 0.000595152452 11.54622 -20.1734672 0.013547948 0.001
-3.10436464 0.939928855 0.0111218552 -5.08822456 -16.8052128 -0.00292015386 0.001
2.61440827 -2.9087727 0.0023702075 11.8925361 10.6890252 0.00527837978 0.001
1.97902233 -4.36096986 2.04412657e-05 13.1587576 5.97148704 0.00648803331 0.001
4.06677506 -1.59819431 0.00806464659 5.53319431 14.0798003 0.0231225448 0.001
-3.76128675 -2.8624618 -0.00412391819 8.80872892 -11.5747066 0.00221821769 0.001
1.3473082 -0.321835395 0.00113648715 6.24250027 26.1331473 0.015574963 0.001
1.24263428 -2.48815862 -0.00685005899 16.9640576 8.47217673 -0.00474813706 0.001
-0.441668044 -2.34355932 0.00653919848 20.1230591 -3.79239906 0.00301591337 0.001
2.31903079 -3.09270926 -0.00610634969 12.8681496 9.649027 -0.00533612767 0.001
1.37156915 4.61035716 0.00787677787 -13.8200619 4.11143211 0.000823285824 0.001
3.25446622 1.29932273 0.00428757423 -6.26359736 15.6886858 0.00858129208 0.001
2.64403684 2.8721742 -0.013636227 -11.7751191 10.8398191 0.0160382404 0.001
-2.73566314 -4.13243669 -0.0047838111 11.8446761 -7.84114706 -0.0123588403 0.001
2.13294882 0.477903933 0.0218172787 -4.67643978 20.8715728 0.00246336101 0.001
4.15135476 -0.989178656 0.0140937925 3.54815479 14.8907876 0.00189386043 0.001
-0.443071041 -3.59776391 -0.01608582 16.4846889 -2.03011883 0.0348039436 0.001
-1.66229194 -0.495371613 -0.00175091338 6.85736018 -23.0108756 -0.0213972771 0.001
-1.25178738 -4.18001026 0.00596219425 14.5022845 -4.34299814 -0.0213887614 0.001
-1.25597412 -2.90970302 0.0164385298 16.3088651 -7.03972613 -0.0118118739 0.001
0.858169426 -3.29656322 0.00853081126 16.5810369 4.31641621 -0.00986556476 0.001
-2.99815834 2.73385218 -0.0118942454 -10.5777975 -11.6004487 -0.00680208802 0.001
-1.13615329 -1.36295455 0.0205660053 18.234955 -15.2005833 -0.000863413734 0.001
-3.31674598 2.79919035 -0.00123806354 -9.79008005 -11.6002146 -0.0131309398 0.001
1.83803794 -2.96292611 0.0144010963 14.3910532 8.92742539 0.00836872211 0.001
-1.02676853 -0.758734682 -0.00718226328 16.6327031 -22.5084427 0.00086349585 0.001
-4.25985325 0.0735968403 -0.0169248566 -0.264648844 -15.3181201 -0.0148276438 0.001
2.76908169 0.197061804 -0.00474581461 -1.34726605 18.931572 0.0142899646 0.001
1.22206596 2.20999066 0.0121859946 -17.4141543 9.62956339 -0.00820107246 0.001
2.71424464 -2.19625109 -0.00688448671 10.6454012 13.1561566 0.0131097776 0.001
-2.27249159 1.05378054 0.0076367899 -8.40537187 -18.1262949 -0.0208056751 0.001
-3.53060939 3.1356438 -0.00756108302 -9.66351463 -10.8807306 -0.00435108018 0.001
-2.16006114 0.0479574165 0.0101126999 -0.477525091 -21.5083186 -0.0165969357 0.001
4.08480588 -1.32722958 -0.00102006079 4.7151836 14.51189 0.00600129991 0.001
-0.554342685 3.47695627 0.00231350585 -16.6427225 -2.65340452 0.0100761898 0.001
-4.05664394 0.156185705 -0.0076327821 -0.603821364 -15.6831784 0.0175259228 0.001
-4.73995121 1.45893821 0.00225612011 -4.17727751 -13.5715765 0.00114382863 0.001
4.54521065 1.2124306 -0.00334180321 -3.75782552 14.0874938 -0.0125657164 0.001
0.774073937 -2.90004251 0.00536560592 17.6352298 4.70716264 0.000647508682 0.001
3.49228202 0.546973125 0.00353347198 -2.60260484 16.6169592 -0.00645920001 0.001
2.09446908 0.636321404 -0.00748600686 -6.21310844 20.4506141 -0.00788995926 0.001
-2.28770324 -3.36821207 0.00889879328 12.9640802 -8.8052556 -0.0236015743 0.001
1.32159737 4.01090912 -0.00619817517 -14.6152429 4.81573282 0.000976014437 0.001
-0.952217668 0.168041821 -0.00140241626 -5.58886746 -31.6696065 -0.00612402926 0.001
-1.61199243 2.34842745 -0.00394046739 -15.4477668 -10.6035565 -0.0114648531 0.001
0.157024153 -4.02433979 -0.0138992413 15.7455256 0.614368552 0.0109904225 0.001
4.08344854 2.49210525 0.0145952426 -7.53184185 12.3413281 -0.00657854548 0.001
-2.03215049 0.610717733 -0.0154627819 -6.24801632 -20.7901437 -0.015569667 0.001
-2.96207821 -1.36698229 0.0129610109 7.33632695 -15.8968952 -0.0122757023 0.001
-4.74664242 1.10154103 -0.00393464917 -3.2384349 -13.9547162 -0.00551131523 0.001
1.80009388 -3.93094961 -0.0100124798 13.8274915 6.33200253 -0.0123563864 0.001
2.08571902 -1.51568922 0.0273179516 11.5774938 15.9316295 -0.003365096 0.001
0.962574219 -3.67345907 -0.00939278118 15.6975562 4.11330644 0.01983285 0.001
-2.70526857 3.79789712 0.00935780176 -11.9278201 -8.49626929 0.00535885799 0.001
0.438760524 -3.81304451 -0.00239344247 16.0353923 1.84516522 0.000189162555 0.001
4.18444007 1.78140376 0.00189887189 -5.80835552 13.6435749 -0.00586168295 0.001
0.732446756 -3.01694208 0.0036028804 17.4406498 4.23420373 0.00438310926 0.001
-0.617344965 -3.68275031 0.00819171196 16.1393947 -2.70547097 -0.0129122967 0.001
-4.87093299 0.227213793 0.00402685879 -0.667280577 -14.3049369 -0.00133210125 0.001
-2.58081414 -0.436457625 -0.00403447799 3.25928249 -19.2724376 0.0156439955 0.001
-4.05492054 -0.584451625 0.00711026119 2.22883367 -15.4636296 -0.0106596039 0.001
-2.21160821 2.04524068 0.0121049741 -12.3705051 -13.3767683 -0.0177493511 0.001
1.510901 -2.05852541 0.0119497697 15.9533949 11.7093529 -0.00240113439 0.001
1.18451988 3.72240022 -0.0115283706 -15.2465304 4.85165949 -0.00264571259 0.001
3.94015274 0.694187032 0.0118255473 -2.7431538 15.5699321 -0.00230170589 0.001
1.05598363 -3.17723933 -0.010727309 16.4001243 5.45072653 -0.00447238051 0.001
3.88229018 1.70615282 -0.0100306212 -6.17829844 14.0584988 -0.00248930688 0.001
4.34527858 -2.26868872 -0.00136343511 6.61045491 12.6611764 0.0112389186 0.001
-1.92345519 0.851396989 0.00862171391 -8.82530627 -19.9379154 -0.0196798654 0.001
-1.47819424 3.28955012 0.00498850094 -15.1888094 -6.82525258 0.012943213 0.001
3.31729216 3.50868901 0.000392892956 -10.4571602 9.88672844 -0.00211081628 0.001
0.353516193 2.45728995 -0.00339809354 -19.865486 2.85793338 -0.00813626587 0.001
-2.32313487 -2.17515926 0.0128098417 12.1154485 -12.9396599 0.00992158029 0.001
-2.07232901 -0.136512689 -2.30908347e-05 1.44236306 -21.8957726 0.00663786061 0.001
-3.48300804 1.46130677 -0.00733723572 -6.29502302 -15.0041157 0.00726966867 0.001
2.02766078 3.183067 0.00400371314 -13.7289483 8.74554324 0.0135474282 0.001
-4.02496604 -0.757822365 0.00817272742 2.89119502 -15.3557909 -0.0110638001 0.001
0.507325054 4.63760356 -0.00105700913 -14.5538678 1.59210284 -0.0182089178 0.001
-1.92058133 4.3721857 -0.0089865502 -13.2489414 -5.81989676 0.0207708336 0.001
2.6016273 -0.0269101622 0.00407873207 0.202774737 19.603906 -0.00348171895 0.001
-0.396163312 -2.67233658 -0.000269435027 19.0315262 -2.82134837 0.00450970799 0.001
-4.05795072 2.17703836 0.00128866458 -6.9665049 -12.985409 -0.0050274321 0.001
-1.32863598 -3.08170662 0.00665628468 15.8516391 -6.83421904 0.00074581301 0.001
3.58013848 -2.2289367 0.00485497042 8.13855408 13.0722199 -0.000977507533 0.001
0.189489868 -3.69515065 -0.0152118218 16.4183118 0.841942323 -0.000266256312 0.001
2.21895163 1.05357716 0.00217019229 -8.65415601 18.2266229 0.00170914694 0.001
-3.82570093 -0.357375061 -0.0051127921 1.50047144 -16.0625506 -0.00235672463 0.001
0.694739052 2.3318005 0.0163501029 -19.4290934 5.78872419 -0.0256871266 0.001
3.99256232 2.72238895 0.0227612015 -8.10415489 11.8852758 0.00933515551 0.001
0.328699801 -3.54369853 -0.00520703968 16.6909554 1.54818861 0.00993571588 0.001
-3.37604839 1.58654316 -0.00131554748 -6.96375767 -14.8183696 -0.000967593873 0.001
2.38245145 -3.54083659 0.00460422984 12.7001562 8.54529849 0.00999051418 0.001
-3.61842203 2.44904979 0.00203029955 -8.47967346 -12.5285477 0.00565340239 0.001
3.7042519 0.359965048 0.0140873747 -1.58543392 16.3150469 -0.0111869092 0.001
2.7417142 -3.28330843 -0.0069986592 11.7361267 9.8002079 -0.00739546327 0.001
-3.98309134 -0.107356584 0.0179697956 0.426836691 -15.8362857 -0.00196328697 0.001
2.36515606 -1.47403342 -0.000606527556 10.0190917 16.0761046 -0.0173388833 0.001
-3.78302703 2.54887997 0.0163879541 -8.27323454 -12.2790678 -0.01245888 0.001
0.460363921 -4.22595515 0.000974755582 15.2473679 1.66100629 -0.0101557557 0.001
3.90729186 1.85520123 -0.00612969096 -6.52166208 13.7354573 0.00943214891 0.001
-0.593385385 0.75869625 -0.00900274857 -25.380669 -19.8505239 -0.0107048836 0.001
2.50841151 -0.908861979 -0.00456817105 6.59511238 18.2021651 -0.00784691404 0.001
-3.76440243 -1.75914615 -0.00972225914 6.56781533 -14.0544888 -0.00205034033 0.001
-3.13180593 -3.89733876 -0.00510722326 11.0241794 -8.85876047 -0.0161491354 0.001
4.9041214 0.708038839 -0.0122640368 -2.02999778 14.0604654 -0.010866612 0.001
-2.2646506 1.611782 0.00626630033 -10.9981563 -15.4530708 0.0020559528 0.001
2.65444432 1.88932259 -0.000121159406 -10.1589135 14.2729836 0.021728319 0.001
-3.83283375 -0.188462214 0.0126806998 0.792789261 -16.1232821 -0.00265628312 0.001
-3.22784366 -3.8040607 0.00145464956 10.7952001 -9.16000581 -0.00370608453 0.001
0.231054972 -3.97180708 0.0221507713 15.8272509 0.920730777 0.00645254537 0.001
-2.26351337 0.405877627 0.00569203138 -3.68054725 -20.5258121 0.0102199096 0.001
3.74919174 1.4449125 0.00983763065 -5.67321096 14.7205839 -0.00352268629 0.001
-3.07664008 -2.17190131 -0.00544757036 9.39760113 -13.3123159 0.0061342107 0.001
-3.84516561 -1.54044262 -0.00332072009 5.77817317 -14.4231486 0.0155291102 0.001
2.93701207 0.259253398 9.24542559e-05 -1.61933889 18.3450551 0.00295543681 0.001
0.0665468055 -2.27972974 -0.0164437375 20.9305621 0.610976827 0.0136111786 0.001
4.1765059 1.36162066 0.0239843065 -4.67665356 14.344723 -0.00169523466 0.001
1.42593723 -0.961867995 -0.0102965484 13.4838286 19.9893263 0.00488350943 0.001
0.195205953 4.93535873 -0.0232796462 -14.2177698 0.562348849 -0.00344154121 0.001
-4.24038114 0.854538965 0.0182578325 -3.00370943 -14.9049644 -0.00244406627 0.001
2.99604017 2.6444865 -0.00783569919 -10.4681884 11.859812 -0.00776199741 0.001
2.39660967 0.813075398 -0.00507278411 -6.38631212 18.8242043 -0.000905052528 0.001
-1.72399265 -3.0398206 -0.00749518489 14.714322 -8.34502636 0.00214931792 0.001
-3.44153754 1.90520631 0.00215054392 -7.72218569 -13.9492463 -0.0121122258 0.001
4.77511912 -1.46458612 -0.000727568177 4.14910194 13.5276825 -0.00734440601 0.001
1.5768794 -1.2600747 0.00299581213 13.8948413 17.3882461 -0.0136813153 0.001
-0.430792874 3.16777986 -0.00512064874 -17.5248254 -2.38323691 -0.0118410484 0.001
-2.65500808 -2.94002914 0.000136544545 11.7916747 -10.6485311 -0.00648690976 0.001
2.72306445 -0.348856324 0.0177296673 2.42525377 18.9307801 -0.0103770232 0.001
1.29396994 0.519733645 -0.00138054933 -9.98109089 24.8497123 0.0104325579 0.001
3.24147538 2.43280059 -0.00374747965 -9.42896377 12.5631974 -0.00100366747 0.001
-0.814553784 -1.63094855 -0.0134140842 20.9529114 -10.4646301 -0.00441715054 0.001
-3.21954614 0.436445229 0.00224701432 -2.35671134 -17.3848639 0.00889823252 0.001
2.31515091 -3.72242798 0.00451038115 12.8254433 7.9767391 0.00227488001 0.001
-3.24140077 -3.19017773 0.00081391933 10.4013654 -10.5683748 -0.00687639361 0.001
-0.17396563 3.42701988 0.00352544951 -17.0491772 -0.865466488 -0.00892441821 0.001
4.12865114 -0.28110068 -0.00575371921 1.05594959 15.5092029 0.0112241243 0.001
3.85524475 -2.0934876 -0.00862569264 7.20479719 13.2679346 0.00421543557 0.001
1.34616678 -1.3431558 0.00366709758 16.1969833 16.2332924 0.00197145384 0.001
-3.86259479 0.368628032 -0.00333083095 -1.52516358 -15.9811202 -0.00774068145 0.001
3.96257038 2.05299656 0.00337039344 -6.88611421 13.2911632 0.0143401704 0.001
-0.592458674 1.68520424 -0.00240764207 -22.3210975 -7.84731459 -0.015199499 0.001
1.80322555 2.26295156 -0.0100843161 -14.5388844 11.5852625 0.012538509 0.001
2.38608256 2.16794172 -0.00328501181 -11.8435142 13.0352225 -0.0125564955 0.001
4.47417037 -1.77353665 0.00918411464 5.31171988 13.4000838 -0.0055587883 0.001
-1.52904794 4.26688991 -0.00416357977 -13.9827418 -5.01074155 0.00920291662 0.001
3.82756195 -2.97947521 0.00010090062 8.81978297 11.3302724 0.0094750927 0.001
-2.10419765 2.43840396 -0.00784801305 -13.3402165 -11.5118137 0.00603953998 0.001
-2.28975827 -0.97051539 0.00363600292 7.82534118 -18.4624992 -0.0119301928 0.001
-4.26098021 -1.77371969 0.00750742003 5.65677862 -13.5891945 0.0151058475 0.001
-0.927479401 4.63157635 0.011923744 -14.2668822 -2.85696237 0.00167637406 0.001
-3.48147369 -1.57095857 0.0141919803 6.6551093 -14.7486944 -0.0030399634 0.001
4.17333212 1.77666291 -0.0168585286 -5.81605014 13.6617412 -0.00510716532 0.001
1.57214393 0.885934844 -0.00173935414 -11.5567778 20.5081876 -0.021345818 0.001
-1.20415965 -1.35085855 0.0102358831 17.5476664 -15.6420463 0.0130056459 0.001
0.117911899 4.12354811 0.00314334136 -15.5631766 0.445025416 0.0167348151 0.001
0.34607205 -3.73383829 -0.00715275726 16.2605814 1.50711742 0.00559282551 0.001
-2.3090564 -4.35359523 -0.0124059728 12.5845393 -6.67457801 0.000494305482 0.001
-1.12337202 -4.1722688 0.00884990666 14.6898607 -3.955205 -0.00523555837 0.001
-2.29344688 -3.97639058 0.0109632803 12.7854554 -7.37421592 -0.014411465 0.001
3.5262961 -2.96806079 0.0137996832 9.48512998 11.269101 -0.00374845487 0.001
-0.93235362 -3.63947931 0.00337422845 15.8043431 -4.04872105 -0.00990536624 0.001
2.0746244 2.71626554 -0.00169025388 -13.593451 10.3823815 -0.0306509377 0.001
1.61123884 2.83122417 0.0029751182 -15.2275051 8.6659149 0.0100899281 0.001
2.8790072 -0.553695548 0.00800104275 3.48800198 18.1362896 0.00312181336 0.001
-1.2108274 -1.62284796 0.001020297 17.8119192 -13.2896983 -0.00620571549 0.001
-1.56939657 0.416017445 -0.0189235665 -6.35906236 -23.9891158 -0.0110420578 0.001
1.05371327 0.85704209 0.00279909049 -17.1212076 21.0501256 0.00641737429 0.001
-0.548379945 -2.62672036 -0.005895099 18.8971913 -3.94516329 -0.00399473103 0.001
-0.472310673 2.3892186 0.00787546915 -19.8785921 -3.92968279 0.0148771938 0.001
-2.87518417 -0.899069152 0.00467828401 5.43760662 -17.3892302 -0.0104260888 0.001
2.12563218 -1.81733307 0.00785432772 12.2881734 14.3727846 -0.00469493315 0.001
3.69045148 -1.02158267 -0.00702541502 4.31126767 15.5743872 0.000770542792 0.001
1.42228969 -0.486757257 0.00313030384 8.35129992 24.4022408 -0.00934987564 0.001
-3.74998266 -0.373940555 -0.0046753814 1.61635152 -16.2092346 0.0300690782 0.001
0.322566954 4.13647659 0.0112862671 -15.477827 1.20697782 0.000772542478 0.001
0.93940738 -3.10396916 -0.00312077981 16.8071881 5.08664738 -0.013288295 0.001
1.26141728 1.90490166 -0.00337912623 -17.4433812 11.5509283 0.00697472081 0.001
-4.67142031 -0.474926999 -0.0205744297 1.47606012 -14.5186465 -0.0239267039 0.001
-2.75674349 -0.608506614 0.0100258833 4.05672004 -18.378332 0.0139192524 0.001
0.289046747 -0.600313091 0.0105586095 34.9057095 16.8068662 -0.0152908293 0.001
-0.223705422 1.77793222 -0.000944057823 -23.4383015 -2.94908607 -0.00442179633 0.001
-3.5481206 0.707764805 0.0127759212 -3.25223536 -16.3038953 -0.00366878077 0.001
-1.54193545 4.4045845 0.00254039988 -13.8163239 -4.83675124 -0.0100722325 0.001
4.04469092 2.60066607 0.00315449414 -7.79922801 12.1297644 -0.00606556492 0.001
-3.76756481 -0.613060327 0.0103650149 2.59956023 -15.9756083 0.0157903637 0.001
-1.12161135 2.79449135 0.00758609492 -16.9121215 -6.78793566 0.00392705804 0.001
-0.776868756 -3.49052085 -0.00969525151 16.3232673 -3.63299258 0.0117631971 0.001
-1.54558179 1.21079907 -0.0253592213 -13.9176476 -17.7658401 0.0062132538 0.001
-2.61041353 -3.78643086 0.00970121852 12.1402314 -8.36962971 0.00075419226 0.001
0.337322374 4.2785071 -0.0101832007 -15.2172257 1.19974341 -0.00433966493 0.001
0.959149432 -0.050523448 0.00208071595 1.69730953 32.2221372 -0.00647989002 0.001
-1.01238605 3.90288009 -0.00886377567 -15.2439291 -3.95419298 0.00875432581 0.001
-1.54347294 2.52264371 -0.0115512188 -15.6854623 -9.59710892 0.00929005311 0.001
0.859623141 2.64252179 -0.00103992903 -18.0395862 5.86835114 -0.00887887646 0.001
-4.4999088 -1.87414437 -0.00147160858 5.50676231 -13.2219954 -0.00885582063 0.001
3.84160373 2.51565048 0.00282078802 -8.08440784 12.345551 0.0034458495 0.001
-1.08933975 -4.06093238 0.00432710169 14.8954624 -3.99568814 0.0091761885 0.001
-3.85489359 -2.54050572 0.00605014009 8.09870802 -12.2887571 0.00384489039 0.001
1.6237233 1.60562731 -0.00323810679 -14.7141174 14.8799507 0.00214628059 0.001
-4.3199106 2.13272798 -0.0143978893 -6.37788845 -12.9186226 -0.00104810584 0.001
1.91867438 -4.0047859 -0.00676597497 13.5333518 6.4837662 0.00589394504 0.001
3.37301285 0.327943771 -0.0125923429 -1.6622941 17.0972583 0.00906354964 0.001
1.22337247 -4.80594157 -0.00732252757 13.7613294 3.50300378 -0.0115753053 0.001
-0.542283079 0.971672309 -0.00794317864 -26.1771275 -14.6092599 0.0121360422 0.001
-1.41352994 1.36787153 -0.0175978215 -15.6795837 -16.202955 -0.00103637855 0.001
-3.50840514 -2.95617287 0.00928887811 9.51313797 -11.2902538 0.014305323 0.001
-4.55833398 -1.42599168 -0.00707725418 4.32012641 -13.8097433 0.0094185043 0.001
-0.499882534 -2.13656405 0.0120062346 20.7865783 -4.86334471 -0.000999713479 0.001
2.20415767 -3.69924046 0.00784132915 13.0913065 7.80033199 0.0227640072 0.001
1.30661709 3.84778053 0.00648884011 -14.8541379 5.04412095 0.00374117075 0.001
-1.27796605 -3.70234515 -0.0109788428 15.104142 -5.2136092 0.0202150764 0.001
-3.11844108 0.737627858 0.0191780966 -4.06629145 -17.1909048 0.0189450448 0.001
1.77688617 -1.2230182 -0.01235231 12.207487 17.7358889 -0.00345654751 0.001
-0.348765674 3.85278552 0.02621213 -16.012324 -1.44948348 -0.016789701 0.001
-3.67060763 -2.72028926 0.0133877673 8.80889067 -11.8862291 0.0129986212 0.001
2.32756003 -1.75885512 0.000749268705 11.1619617 14.7710494 0.0130348287 0.001
1.81225723 4.22966493 -0.00380466021 -13.550288 5.80580444 -0.00117980709 0.001
0.555243952 1.18125978 0.0236031658 -25.0499124 11.7745585 -0.00193132528 0.001
-1.47103341 3.88193532 -0.00776986693 -14.5134548 -5.49977655 -0.0143967529 0.001
-2.74821552 -1.79039784 0.000602341268 9.53113107 -14.6300458 -0.00171290441 0.001
-2.45962723 0.500926957 0.00615570537 -3.9832092 -19.5581605 0.0077319112 0.001
1.79728912 3.45665528 -0.00776353271 -14.2144428 7.39080449 -0.000969397932 0.001
-1.91955846 3.38519582 -0.00174799941 -13.9443364 -7.90706662 -0.00215968099 0.001
2.5709655 3.30362204 0.0130993724 -12.1974619 9.49238543 -0.00342217008 0.001
-3.04377958 1.89362825 -0.0108928534 -8.82280497 -14.1815975 -0.0107301841 0.001
0.047627546 -4.41767638 -0.0321949471 15.0440647 0.162192027 0.00288230746 0.001
2.832713 -3.64967501 -0.00897235866 11.6222811 9.02068995 0.00577179886 0.001
3.2169243 -2.17890047 -0.0120399103 8.99676678 13.2828085 -0.00198220632 0.001
2.85165918 -1.95679823 -0.00144103556 9.62099304 14.0207574 0.00302819042 0.001
3.50779694 -2.54392724 -0.00152203538 8.9186438 12.2978326 -0.0134054537 0.001
-1.48468501 4.14408029 -0.00316712906 -14.1889952 -5.08344118 -0.00210722149 0.001
-1.97259572 0.682877538 -0.0100522886 -7.16008371 -20.6829917 -0.000166411849 0.001
-0.517711921 -1.43530154 -0.00729335314 24.0818402 -8.68629721 -0.00121251263 0.001
-2.3690027 1.82506697 0.000333831066 -11.1600158 -14.4861026 0.00375065596 0.001
4.68976347 -1.00280158 -0.0101389315 3.01943941 14.1208959 -0.0173182023 0.001
1.16409915 -3.21706005 0.00292281137 16.0765063 5.81731365 0.0163104969 0.001
3.19366496 -2.21724092 0.0144381679 9.14624216 13.1740457 0.0102920711 0.001
-2.02547202 -0.487483984 0.000323645239 5.12660353 -21.3007859 -0.000102971228 0.001
-0.829378991 2.59311492 -0.0016281258 -18.2542996 -5.83843487 0.00320710963 0.001
1.90166651 -4.36090037 -0.00750007988 13.2894877 5.79517336 0.00564931368 0.001
3.78055104 1.12130488 0.0209828084 -4.52822715 15.2672071 0.00415752724 0.001
-2.99663588 0.0297884386 0.025175395 -0.18157857 -18.2663101 -0.0110947255 0.001
0.969863834 3.46035236 -0.0063596497 -16.0622999 4.50192412 0.0217125602 0.001
1.59868006 4.4850688 0.00490670454 -13.6507714 4.86574833 -0.00796009379 0.001
1.69361581 3.16903568 0.0238777974 -14.7130987 7.86306596 -0.0225026197 0.001
-1.69894783 -1.86462758 0.00740133674 14.7174431 -13.4097384 0.0192238293 0.001
1.18375911 0.931403287 -0.00131364266 -15.932757 20.2496025 -0.00856475466 0.001
3.25610702 -3.48550873 -0.00123544132 10.5807329 9.88435295 -0.00523937505 0.001
3.93336951 -1.62039314 -0.00381820768 5.84001823 14.1761583 0.00137042746 0.001
-0.923079912 2.45858397 -0.00162329037 -18.2685254 -6.85895175 -0.0064118544 0.001
0.220502869 2.40447926 -0.00903908482 -20.2657035 1.85846717 -0.0151951215 0.001
-1.70484471 -2.76287605 0.00998424646 14.9359061 -9.21626596 -0.00886486743 0.001
-0.834743106 2.51868174 0.0132872275 -18.4275747 -6.10727854 -0.00658727951 0.001
-1.82889653 -2.20878291 0.0241091433 14.3832545 -11.9094929 0.0152966352 0.001
-3.43116814 -0.616578024 -0.00298945643 2.99552664 -16.6696755 -0.000586100815 0.001
-0.8580089 3.89134317 -0.000102334445 -15.4699065 -3.41098611 0.0180312079 0.001
-0.400613501 1.78414577 0.000268135735 -22.8172363 -5.12340026 -0.00750824762 0.001
-2.74692112 -0.856501726 0.00830082941 5.54929879 -17.7973792 0.0196408381 0.001
4.86185227 1.04229883 -0.016183397 -2.97271498 13.8663699 0.00397872874 0.001
2.97138553 -1.41505436 -0.00629798223 7.49473611 15.7377349 3.94392135e-06 0.001
-2.36368406 -3.04590954 -0.00931408863 12.7233888 -9.87359304 0.011313291 0.001
-4.45716206 -0.470403974 -0.0193109395 1.56774482 -14.8546634 -0.000683322483 0.001
-4.18734996 -0.542931445 0.00589723414 1.97881734 -15.2615967 -0.0018536349 0.001
2.27291396 3.85295615 -0.00570049865 -12.8776262 7.59669598 -0.00460111252 0.001
0.502716456 -3.44999733 0.00403023277 16.7589587 2.44203213 -0.0172327487 0.001
-2.67953141 0.183499604 0.00236793883 -1.31832615 -19.2507026 0.0129590171 0.001
3.58839308 0.809995871 -0.0129965486 -3.6303247 16.0828376 -0.00905241652 0.001
2.72442357 -2.79799352 0.00244211794 11.4648293 11.1633751 0.00519291207 0.001
-1.09985446 0.0269256314 -0.00989861939 -0.737849709 -30.1395828 0.00431039254 0.001
0.842693672 -2.67806532 0.0195841194 18.0026717 5.66481236 0.00959963191 0.001
-3.75131321 -1.0449666 0.00190553088 4.30016883 -15.437125 -0.00712209756 0.001
-0.830615062 2.05962908 0.00838255542 -19.6798668 -7.93657167 0.00228294348 0.001
-3.99507031 -0.644512055 -0.00123138745 2.50366098 -15.5191847 0.013272815 0.001
0.78869242 -1.66076825 0.003627333 21.0670389 10.0046553 0.00675813658 0.001
-0.837329115 -2.14102187 0.00855809256 19.4236804 -7.5963788 -0.0153549564 0.001
-1.36506628 0.858739088 -0.00459861905 -13.2594698 -21.077479 0.00525453616 0.001
4.76148466 1.29028345 -0.0168891641 -3.72383674 13.7419352 0.00111178935 0.001
3.05583638 3.91802851 -0.0158832298 -11.1863619 8.72471746 0.00457987052 0.001
0.0819501887 1.38879886 0.0042589393 -26.7638233 1.57927863 -0.0035194127 0.001
-0.987746891 3.17044904 -0.00354804491 -16.5678516 -5.16168015 0.00182360132 0.001
1.33262572 -0.0324734436 0.00135634377 0.667225601 27.3812045 -0.0162190893 0.001
-0.0535793532 2.65699421 -0.0070466418 -19.3942179 -0.391092178 -0.0023823107 0.001
3.24162366 -1.46480069 -0.00595320181 6.90420553 15.2790999 0.00683880817 0.001
-3.80210092 -3.18149963 0.0098439952 9.11429639 -10.8921825 0.00250604884 0.001
3.85156837 1.48362276 -0.00851382046 -5.59504013 14.5250397 0.0128372906 0.001
-3.94428164 -2.52607863 0.00842292227 7.88029894 -12.3044936 -0.00729761888 0.001
1.83273161 -2.7692506 -0.0127956145 14.4710455 9.5771551 0.0118458619 0.001
-1.48721176 2.11857525 0.00511681722 -16.0871836 -11.2929898 0.0115464255 0.001
0.666680173 2.22385047 0.0024873615 -19.8799651 5.95974357 0.0109511132 0.001
-2.83547983 0.978569716 0.0150659978 -5.95660453 -17.2597125 -0.000632936485 0.001
1.31735338 4.49048837 -0.00288296427 -14.0269062 4.11500725 0.00260808127 0.001
-2.7611557 3.21987731 -0.000297075416 -11.6556676 -9.99513641 0.00191304812 0.001
-0.187392379 2.4127562 -0.0177388276 -20.2667618 -1.57406567 0.0141276726 0.001
-0.502632468 4.27616834 -0.0037107693 -15.1357224 -1.77909402 0.00442308237 0.001
-3.08858153 3.74600265 0.00157783076 -11.0731843 -9.1298474 -0.0159557499 0.001
4.74656242 0.611672481 -0.00431049674 -1.84750435 14.3365853 0.00885746333 0.001
1.32880748 -1.21085455 -0.00781566791 15.8854213 17.4328672 0.0152797929 0.001
3.52228387 1.26576578 -0.00580074973 -5.52784955 15.3825104 0.00455980979 0.001
0.822079218 1.14458764 -0.00209830523 -21.6362416 15.5398363 -0.00143357231 0.001
-2.67792305 1.38458997 -0.00520202408 -8.36482762 -16.1783381 -0.00147548611 0.001
-0.279421063 4.27357019 -0.00227310818 -15.2480774 -0.996972981 -0.0146376328 0.001
0.623767209 2.13728423 -0.00299324323 -20.3443365 5.93750228 0.0155091241 0.001
-2.54498755 2.2012353 0.00476687392 -11.277495 -13.0386262 -0.00534087922 0.001
-1.647353 2.42542863 0.000615422255 -15.2773547 -10.3763911 0.00281594732 0.001
-0.822516973 -0.880248027 -0.0166504892 21.0509298 -19.6703049 -0.00732218868 0.001
-1.47156882 4.72071761 -0.0107422439 -13.5765583 -4.23216161 -0.0196835836 0.001
-0.966265248 -2.40559696 -0.0124683588 18.225041 -7.3205213 -0.0215730217 0.001
0.453418332 4.67144553 -0.00292069164 -14.5284778 1.4101584 -0.00321058325 0.001
-2.68616734 2.15371184 0.00914029986 -10.6607985 -13.2964347 0.00362596513 0.001
-3.07742249 0.0558108579 -0.00109443374 -0.326836764 -18.0218482 0.00577395316 0.001
-3.31417871 0.52017282 0.00739260349 -2.67705347 -17.0563191 0.0128139177 0.001
2.25461976 1.49213794 -0.00571478471 -10.6140341 16.0378009 0.00877969203 0.001
-1.95123724 -1.11520376 -0.00381816443 10.4669657 -18.3137234 -0.0121056091 0.001
4.22082793 0.615468403 -0.00738621806 -2.20930778 15.1512376 0.00600395578 0.001
-1.34358012 0.920994282 0.0110165419 -14.0087771 -20.436516 0.00393645687 0.001
-3.86955491 0.764920327 -0.00349326367 -3.08772909 -15.6201068 0.00679968563 0.001
-0.681852753 0.975553705 0.0100421324 -23.7579667 -16.6053749 -0.00812200689 0.001
-1.38019143 -2.43955604 0.00440492488 16.4397301 -9.30086216 0.0103579972 0.001
3.86729582 -1.13258061 -0.00851749389 4.4274673 15.1179754 0.00995677198 0.001
0.654849518 -4.82419292 -0.00970162768 14.2017061 1.92777954 -0.00999119691 0.001
-2.91955902 1.71254007 -0.00307989146 -8.69657824 -14.8260317 0.0185591335 0.001
-3.4791184 3.19075038 0.00235086392 -9.8374178 -10.7264866 -0.00149994043 0.001
-2.15646288 -0.0959523851 -0.00340328062 0.956750196 -21.5022928 0.0088204185 0.001
2.91191571 4.0003071 0.00254801693 -11.4937573 8.36657074 0.00673723255 0.001
0.408151722 4.19144586 0.0125285616 -15.3371274 1.49348821 7.31619208e-05 0.001
0.222596133 3.31682139 -0.0144817888 -17.3051445 1.16137042 0.000581598476 0.001
-2.71978173 -2.69890428 -0.0175017694 11.3792638 -11.4672884 -0.00702682541 0.001
-2.46966121 4.26600179 -0.0119021197 -12.3265961 -7.13607678 0.0171241162 0.001
-0.64108014 -2.95017436 -0.00512498725 17.7847433 -3.86466842 -0.0143443249 0.001
2.21591723 -4.39055632 0.00750946393 12.730028 6.42485516 0.0117462944 0.001
-3.36243568 -1.42544051 -0.00559751645 6.45854395 -15.2348965 0.00599671478 0.001
-4.29461622 -0.931271299 0.000616480249 3.1968535 -14.7424912 0.00754787676 0.001
1.34362314 2.7551753 -0.00517054501 -16.2342075 7.91697603 -0.000447619705 0.001
1.48205024 0.682407665 0.0125076111 -10.3542613 22.4873433 0.00935760224 0.001
-1.91881039 0.602458723 0.00158512256 -6.67967493 -21.2745358 -0.0113376161 0.001
1.54456501 -1.72358615 0.00226618168 15.4801941 13.872336 -0.00241845811 0.001
-2.76443185 -0.129494139 0.00287185464 0.889461895 -18.9881705 -0.00955819708 0.001
-0.0491528429 4.30734027 -0.0019012494 -15.2353697 -0.17385711 -0.00869173154 0.001
0.180265322 -3.09480278 0.0103313864 17.9299994 1.04438226 -0.0156825917 0.001
-3.41568436 1.86124034 -0.00373435189 -7.67183498 -14.0790881 -0.0134592786 0.001
1.45616411 -4.36572418 0.0068689326 13.9833883 4.6640849 0.00688794122 0.001
0.496952656 4.15201495 0.000663427458 -15.3545648 1.83778042 0.00152378854 0.001
3.67555895 -1.4284845 0.00526651333 5.76861321 14.8429177 -0.00098982311 0.001
-3.69908569 2.05471727 -0.00681441773 -7.4648235 -13.4388425 -0.00739172905 0.001
4.83553375 -0.340629803 0.0150720534 1.00926151 14.3273374 0.00476156885 0.001
1.97611847 0.53918588 -0.00363965486 -5.81607628 21.3159436 0.0157967813 0.001
3.63124883 3.41622321 -0.0011176441 -9.70433128 10.3151461 0.00203123869 0.001
-3.79302298 0.405632715 -0.00602173148 -1.72167345 -16.0991624 0.00614165518 0.001
2.39364907 -3.841387 -0.00209749774 12.6153181 7.8608702 0.009747439 0.001
0.389321775 -4.01808724 0.0098611583 15.6655872 1.51787501 -0.00118448236 0.001
-4.07308426 -1.20970231 0.00174753606 4.36776583 -14.7063274 -0.00535912941 0.001
1.86329374 1.48543245 0.00695564589 -12.7698255 16.0181877 -0.00308573009 0.001
2.65086954 2.50094638 -0.000880218292 -11.367387 12.0488229 0.00176422251 0.001
2.40747335 3.04945885 -0.00564844193 -12.5920139 9.94108771 -0.00566921897 0.001
-2.63012527 0.295428977 -0.00515793389 -2.16972431 -19.316476 0.00578830948 0.001
1.3959952 0.597622512 0.00671942578 -10.0992423 23.5909683 -0.0053731309 0.001
0.724364057 1.60419904 -0.0340586936 -21.7235399 9.80910166 0.00355725867 0.001
1.69543509 -1.86913626 -0.0102974962 14.7444966 13.3742721 0.0010220884 0.001
-3.6056327 2.76293255 0.0118265447 -9.02457296 -11.7770864 0.00448112869 0.001
-2.96849642 -2.89605909 -0.00400738628 10.843702 -11.1149288 0.0233007872 0.001
4.6812559 -0.167928195 -0.0177488549 0.523794781 14.6015826 0.00661758629 0.001
1.94587173 3.86984344 0.0059958995 -13.574762 6.82579178 0.00101850438 0.001
1.8293458 0.927139212 -0.0105815052 -9.98241869 19.6963903 0.0129677363 0.001
-2.99349562 -0.268658241 0.00685391714 1.63049394 -18.1676038 0.000451644836 0.001
4.89561354 0.339780169 -0.0179615843 -0.988375765 14.2406951 -0.00310602223 0.001
-0.412642869 -4.4865425 -0.0145358495 14.8354384 -1.3644667 0.0106630245 0.001
0.510046031 -4.56550875 0.00459271007 14.6627467 1.63808157 -0.000406748132 0.001
-3.99409439 2.81590488 -0.00210663817 -8.2425854 -11.6913268 -0.00729585976 0.001
4.73975593 0.704819851 -0.00636007145 -2.12480965 14.2888699 -0.00333233246 0.001
-2.25174185 2.41851982 -0.0100689063 -12.7319585 -11.8539793 -0.0152171806 0.001
-2.08146872 -2.45352585 -0.00492150697 13.443519 -11.4049193 0.00642352979 0.001
-2.07984263 4.30520021 0.00749521071 -13.0220435 -6.29095046 0.00503547672 0.001
1.05240756 4.24686029 -0.000537173439 -14.6741833 3.63638559 -0.0125597826 0.001
1.85764607 3.77955484 0.0043710555 -13.8293264 6.79709515 0.00342688326 0.001
-2.86875303 1.33345802 0.011797027 -7.49417136 -16.1226874 0.000700641732 0.001
-1.45828913 3.02477114 -0.0239999399 -15.5446383 -7.49431149 -0.00570444433 0.001
1.85383068 -1.73035022 -0.00721725693 13.549874 14.5168139 0.0151163668 0.001
1.97519527 -0.155449013 -0.0232099841 1.76263217 22.3966859 0.0109025371 0.001
-2.18697813 1.42251947 -0.00170627716 -10.6750137 -16.4117414 -0.00602045666 0.001
-1.25964249 -2.55964824 0.00834759173 16.7985609 -8.26683163 -0.0028470779 0.001
-1.51395544 1.89737833 0.00565009368 -15.8654007 -12.6593149 -0.00037435491 0.001
-2.9446432 2.83150514 -0.00427256761 -10.8444468 -11.2777569 -0.0054286174 0.001
3.06859364 -2.61645691 0.00872125569 10.2171752 11.9827538 -0.0110474904 0.001
-3.36754682 -1.52650374 0.0143673841 6.78980877 -14.978672 0.0125288417 0.001
-4.05577788 1.22777617 -0.00528237116 -4.4509023 -14.7029007 -0.00899025143 0.001
0.411914112 3.26500438 -0.0105187238 -17.2947634 2.1819135 -0.00770970626 0.001
3.65396684 0.749705509 -0.00758100418 -3.29088463 16.0393424 -0.00780646527 0.001
-3.28648707 -2.22058719 0.00521900348 8.88955002 -13.1566062 -0.00239170013 0.001
3.57713072 -0.160320196 -0.000653068898 0.748225338 16.6947142 -0.00863986821 0.001
4.35289767 -0.289852856 -0.0164192332 1.00593249 15.1067036 0.0116018962 0.001
2.09761931 -0.131030427 -0.00729237116 1.3599209 21.7704879 0.000409103504 0.001
-2.73655093 -3.72834198 0.0173804196 11.8541154 -8.7007551 -0.00717416811 0.001
-4.50706489 -0.329146428 0.00365826407 1.08346753 -14.8361278 -0.000145239204 0.001
-1.12135272 -4.56175369 -8.10215816e-05 14.1685021 -3.48284661 0.0181433754 0.001
-3.4407208 -0.799104436 0.00438517376 3.80642766 -16.3894158 -0.00493952789 0.001
-1.78333679 -2.26088225 0.0113905742 14.6314794 -11.541006 0.00567357858 0.001
-4.4848311 0.260867526 0.00092333946 -0.866364625 -14.8945293 0.0179165911 0.001
0.607518087 -4.62133644 -0.0206973991 14.5222973 1.9090924 -0.00662195848 0.001
2.61410518 3.68342605 -0.00305952475 -12.1341845 8.61155735 0.00343318441 0.001
-0.771853361 1.12374581 0.0125168582 -22.3246804 -15.3338766 -0.0142244348 0.001
0.849573733 1.85676647 -0.0148805387 -20.1235897 9.20765939 0.0125271468 0.001
3.29080667 -2.33470455 0.0267248211 9.10932192 12.8397477 0.0129644667 0.001
-1.75210444 -1.84733483 0.0115163676 14.3793059 -13.6380505 -0.0112920837 0.001
-1.22520426 -2.17647859 -0.001596079 17.4365571 -9.81555443 0.000741676891 0.001
-1.24596334 2.86292212 -0.00554222903 -16.4095968 -7.14156906 -0.00588022814 0.001
-1.35656128 -3.75720311 0.00220867726 14.8817716 -5.37315512 0.004745699 0.001
-4.15416555 0.888586788 0.00342005906 -3.20923781 -15.0032674 0.00360114495 0.001
-3.74832839 -3.10180579 -0.00413305661 9.14007754 -11.0451828 0.00515635153 0.001
-1.78800213 -4.65691736 -0.000815329208 13.2178433 -5.07493051 -0.00941774625 0.001
-2.52079448 1.63863066 0.00856790075 -9.93967582 -15.2907428 0.0112297216 0.001
1.46445744 -3.10461893 -0.00929023772 15.4368348 7.28159823 0.00597865228 0.001
3.45653313 -1.32713701 -0.00887539716 5.89065344 15.3422282 0.012823851 0.001
-2.35593321 -1.28112301 -0.00441303831 9.22501912 -16.9644357 0.0198160315 0.001
1.77507767 -2.30415427 -0.00489747528 14.6886782 11.315885 -0.00986825809 0.001
-3.68920265 3.14566159 -0.000571490179 -9.31829001 -10.9284038 -0.0135485881 0.001
3.23144328 1.37891871 -0.00710012134 -6.62149665 15.5172242 0.0039558187 0.001
3.34650411 -0.983421412 -0.00410847114 4.77389922 16.2451958 0.0148508761 0.001
0.138981253 4.18677091 -0.00452298937 -15.4419335 0.512600118 0.00280975773 0.001
-0.049546959 4.75781898 -0.00802909278 -14.4964186 -0.150962754 0.00437182517 0.001
2.69618442 -3.69760252 -0.0105795718 11.9443265 8.70945614 -0.00678025165 0.001
1.52742382 -1.16162127 0.00807815086 13.818708 18.1703144 0.00501232526 0.001
-0.547996688 -3.20730462 -0.00446379921 17.2805415 -2.95253511 -0.00802209564 0.001
4.52781282 -1.48179561 0.0140084251 4.50624424 13.769396 0.00205945369 0.001
-2.31359249 2.73509711 -0.00850421234 -12.7560075 -10.7901848 0.00190980957 0.001
-3.2986753 -2.57674812 0.0269102684 9.51491368 -12.1807058 -0.00506214119 0.001
-3.94028276 3.05085762 0.00687392611 -8.67246783 -11.2007769 -0.0127550213 0.001
4.26730621 -0.0635451805 0.0101787073 0.227918557 15.3056182 0.00452301946 0.001
-1.86473864 -2.78379315 0.00603244149 14.3531192 -9.61451321 0.0296623327 0.001
-1.75090261 1.86670471 0.00624176268 -14.4172488 -13.5228665 0.00783760251 0.001
3.78672847 2.19272119 0.00722017044 -7.57533946 13.0822622 0.0125392852 0.001
-0.202811393 -4.04678861 -0.000390842134 15.6901704 -0.786338408 0.0182564533 0.001
0.707204342 -4.28919081 0.00821305124 14.9649621 2.46743189 0.00768232921 0.001
0.677655397 -0.822428699 0.0199893988 23.6416375 19.4799662 -0.00726259538 0.001
-0.711942251 0.96573204 -0.0120393526 -23.2379523 -17.1311289 -0.0027614611 0.001
0.488117334 -1.94031111 -0.00378749712 21.6808762 5.45418278 0.0112797584 0.001
-1.90133285 -0.863874113 0.00295006019 9.05180356 -19.9224531 0.00313038358 0.001
-1.01489261 3.5794742 0.00129328947 -15.7726615 -4.47204162 -0.00741658408 0.001
3.19947178 1.1359891 0.00221367428 -5.74228011 16.1729221 0.0107369633 0.001
-3.73674156 0.974943945 0.00277708759 -4.06246313 -15.5705104 -0.00378520187 0.001
2.61690068 3.84260189 0.0119897883 -12.1220947 8.25542659 -0.00226246565 0.001
-2.56577733 -2.18314718 0.0168948639 11.1649021 -13.1217231 -0.0194454791 0.001
3.38557746 0.228107377 0.0105029683 -1.1540242 17.1280665 0.0151958884 0.001
-1.01409422 -4.2367954 0.00681786656 14.7345049 -3.52676369 0.0102459251 0.001
0.969705349 0.804829937 -0.00816093277 -17.9907763 21.6763209 0.0247162181 0.001
2.36603393 -3.35889585 0.00994219925 12.7544418 8.98433398 0.00296156056 0.001
-0.119596121 1.7555416 0.0171095608 -23.7840748 -1.62028806 0.0144737077 0.001
-3.07293437 0.212851251 -0.0118357032 -1.24505134 -17.9748112 -0.0171881045 0.001
-4.44047415 -2.018815 -0.0216420738 5.92589301 -13.0342675 -0.000128647753 0.001
-1.01488846 3.16761484 -0.000518059828 -16.512189 -5.29042542 -0.00771289218 0.001
-2.91548574 1.38866127 -0.00932314738 -7.56714228 -15.8871684 0.00136442553 0.001
-3.28900818 1.04999225 0.0180897324 -5.17579783 -16.2127304 0.00582349974 0.001
-1.59335523 -0.281932843 -0.00965596886 4.3314691 -24.4794784 -0.00297335745 0.001
2.13024658 1.53119523 -0.00602436319 -11.3951609 15.8533034 0.00626126104 0.001
0.447914214 3.60296959 -3.95177597e-05 -16.4692642 2.04742709 -0.0115608001 0.001
-0.771040272 0.512697513 0.00116526345 -18.1965099 -27.3655354 -0.000250482645 0.001
3.846648 -0.967069973 -0.00896910595 3.87143074 15.3991249 0.0100918087 0.001
-1.02173582 3.06746028 -0.0103240348 -16.6855389 -5.55776153 -0.00845329512 0.001
-3.02581474 0.0450192332 -0.0166558164 -0.270434751 -18.1763525 -0.00170026404 0.001
1.28238245 0.846202248 -9.813775e-05 -14.0511697 21.2939324 0.00793507955 0.001
-4.02863044 2.03617083 0.00646951312 -6.71393808 -13.2837456 -0.00781509697 0.001
-1.23896446 -2.62819844 0.0247294214 16.7805579 -7.91055748 0.0147221864 0.001
-2.17162065 4.05908601 -0.00759835402 -12.9956355 -6.9526958 0.0168675858 0.001
-2.815767 -3.50427734 0.0159153324 11.6264695 -9.34213416 0.00592725645 0.001
-1.05229653 -1.0483616 -0.0216826723 18.3125739 -18.3813085 -0.00736134347 0.001
4.05600152 0.573226187 0.0153139069 -2.18643801 15.4706747 -0.00670385135 0.001
3.92418365 0.13761816 -0.000855014442 -0.559308499 15.9486892 -0.010375187 0.001
4.18774137 -0.430626894 0.00341969148 1.57654094 15.3314756 -0.00197191794 0.001
-4.1687583 1.63479742 9.54795846e-05 -5.45582153 -13.9124279 -0.00974174548 0.001
-3.23837087 1.35621564 0.00647701617 -6.51932204 -15.5668331 0.00592932723 0.001
3.92536896 1.89105541 0.0141480482 -6.57510904 13.6483198 0.0126097955 0.001
-3.98380336 -1.24252861 0.0038021746 4.60916118 -14.7779227 0.00327793628 0.001
2.8803129 -0.859170671 -0.0210051096 5.21381718 17.4789776 -0.00834748345 0.001
-2.20872769 1.30961587 -0.0186245337 -10.0647589 -16.9746811 -0.00432660988 0.001
1.45916783 -1.48303633 -0.00248719394 15.6276488 15.3761321 0.000435762481 0.001
-2.48332886 2.40570284 -0.0105004257 -11.833088 -12.2149122 -0.0204067297 0.001
-1.35721809 -3.40080118 -0.0132398538 15.3486662 -6.12546465 0.011236171 0.001
-0.0942547326 -1.95745855 0.00665016091 22.5631317 -1.08645056 0.0114920653 0.001
-1.43478008 2.0754638 0.00478014607 -16.3759999 -11.3208231 0.00795170617 0.001
-3.92948967 -0.495668454 -0.00999359851 1.98858957 -15.7648567 0.00842131709 0.001
-2.91216926 3.59941502 -0.00989326942 -11.4252638 -9.24380823 -0.00575253077 0.001
-2.33348709 4.37245318 -0.00236599685 -12.5316243 -6.68786656 -0.00689985059 0.001
-0.343802436 -2.7789412 -0.00686913485 18.7548085 -2.32028977 -0.00349883395 0.001
0.74303251 -1.46200384 -0.0114069776 22.0134691 11.1878798 0.0110441725 0.001
-2.55731645 -2.33090658 -0.0253873573 11.4517755 -12.5641302 -0.00996494836 0.001
-4.608113 1.31423576 -0.00722879583 -3.96202411 -13.8920698 0.000600861356 0.001
3.52605429 2.64063627 -0.00674592903 -9.03142436 12.0597043 0.0181802734 0.001
-0.427158476 -1.27297653 -0.0115228489 25.8723332 -8.68168904 -0.00525314702 0.001
1.79573446 2.52313811 0.0162063292 -14.6401964 10.4195268 -0.00517288164 0.001
3.71093139 2.61434792 0.0014921031 -8.5481247 12.13362 -0.00686139793 0.001
-2.44843061 -0.546826883 -0.00391339237 4.35174554 -19.485046 -0.00323042801 0.001
-3.85367741 -2.19629674 0.0183118605 7.43468254 -13.0450807 -0.0134130955 0.001
-2.78172647 3.19466829 0.0151758947 -11.5874534 -10.0896628 -0.00482315835 0.001
1.83172021 -2.28302307 -0.00113530698 14.4169627 11.5670499 -0.0077596384 0.001
2.72401237 0.349882608 -0.0074397994 -2.4309661 18.9262958 -0.00177174179 0.001
-0.0528920699 2.93550342 0.00780224092 -18.4524049 -0.332476495 0.00847301137 0.001
-0.622461382 2.78075771 -0.00205761153 -18.2807183 -4.09206495 0.0117521185 0.001
2.51926105 3.97550047 0.0124839545 -12.3123991 7.80232521 -0.0151654871 0.001
-3.86194704 -1.09018441 -0.00124761511 4.28861541 -15.1922972 -0.0123042717 0.001
3.63239046 -2.01877871 0.00122368892 7.53571724 13.5590232 -0.0076605494 0.001
1.42781755 -0.600385261 -0.0114417931 9.84895852 23.4224867 0.0133657736 0.001
-2.55756962 0.780963766 -0.0111008104 -5.64745475 -18.4947873 0.0117503623 0.001
-4.86826367 -0.172756128 -0.00847604927 0.508115463 -14.3186819 -0.00373255355 0.001
2.53709568 -0.826615673 0.0182794297 5.99703898 18.406452 0.0151720241 0.001
3.7330327 1.80819769 0.00378227011 -6.76866129 13.9739333 -0.00268564098 0.001
2.83580142 2.65367774 0.00858202757 -10.9639146 11.7163753 -0.000603686249 0.001
4.35643686 1.77037253 -0.0018810714 -5.49012755 13.5098086 -0.00324345645 0.001
-1.15061909 -0.549618538 0.0151141373 12.0703538 -25.2691249 -0.00163869969 0.001
1.0118182 -4.55061776 -0.00397290029 14.2970723 3.17891739 -0.000532038518 0.001
1.50528228 3.45291089 -0.00922085696 -14.9359804 6.5112791 -0.00156185543 0.001
1.19126148 3.48056428 -0.00289610261 -15.5988905 5.33889214 -0.00998101646 0.001
3.20120434 1.72582053 -0.0127279994 -7.86901116 14.5961369 0.00104594012 0.001
-4.57425948 -1.85953975 0.00559206939 5.35928647 -13.1832444 0.00633446683 0.001
-0.921318213 -2.96726904 0.0253266915 17.1333739 -5.3198039 -0.0102327515 0.001
4.35812264 -2.20886661 0.014747213 6.46767899 12.760815 -0.0181406458 0.001
-1.13692563 0.0737507662 -0.0128130499 -1.91778853 -29.5642071 -0.00820488351 0.001
-3.04819621 -2.62469429 0.00388273214 10.2880808 -11.948092 -0.00173113603 0.001
3.62196952 -0.942717424 0.00477087276 4.11731283 15.8189307 0.000967641645 0.001
4.52598069 -1.24850115 0.0025197883 3.88089714 14.068762 0.000383901671 0.001
-1.73397761 -4.25966552 -0.0130718469 13.6574846 -5.55953801 -0.0016318611 0.001
1.56899054 -4.12811806 0.00375028024 14.0661272 5.3461699 1.60415563e-05 0.001
4.45645307 -0.694356007 0.00511954589 2.29237303 14.7127017 -0.00886078343 0.001
-1.77416702 2.55024366 0.0170740212 -14.727823 -10.2459299 0.00160865593 0.001
-2.40824651 -1.43725808 -0.00891784905 9.67711096 -16.2148114 -0.00147653366 0.001
-4.02949427 1.1733615 0.00202438794 -4.315645 -14.8205534 0.0205691865 0.001
1.40300451 1.93023268 -0.000245783295 -16.5589956 12.0360337 0.011416641 0.001
-2.23080912 3.88923916 0.00107506097 -12.9546 -7.43056384 0.0145365373 0.001
-2.76710615 -0.398375592 -0.000633818364 2.69508105 -18.7199605 0.0204627434 0.001
0.271291303 2.41785012 -0.00284300797 -20.1469916 2.26056345 0.0084787054 0.001
-1.98938031 -3.85204241 0.00312358423 13.4941125 -6.9690099 -0.0120658807 0.001
0.148894138 -1.75509331 0.000244616346 23.7418228 2.01414833 0.00700563365 0.001
3.3897282 -0.217475318 -0.00645878976 1.09856232 17.1229899 0.00681457016 0.001
4.78646884 -0.287463602 -0.00409705394 0.865739588 14.4151661 0.00351396571 0.001
0.90683698 -4.40637552 -0.00929931724 14.6031918 3.0053531 0.0150354102 0.001
-0.755196035 3.18372157 -0.013702865 -17.0099234 -4.03484614 -0.00909981286 0.001
1.50044066 -3.27703135 0.0117122277 15.1449309 6.93434629 0.00102101374 0.001
3.00518368 1.3028463 0.00478191529 -6.95004784 16.0311852 -0.00284709299 0.001
1.83132664 -1.76060346 0.0224445914 13.7504206 14.302773 -0.00568919072 0.001
2.83939179 -1.32019338 0.00995774101 7.53442268 16.2045791 0.0123111532 0.001
1.71879677 4.56290159 0.00990900685 -13.4016985 5.04827808 0.0113394776 0.001
-0.696404413 -4.67586198 0.0104429827 14.3854351 -2.14250989 -0.00344671472 0.001
2.36408102 2.22401785 -0.00340541564 -12.0270248 12.7844572 0.0233962336 0.001
0.678595121 1.56367927 -0.00182790844 -22.2189013 9.64241092 0.00259991236 0.001
1.22588398 2.73062703 0.00877107138 -16.6749113 7.48601196 0.00852995031 0.001
-3.46841701 -1.57140575 0.000942540702 6.68774301 -14.7612299 -0.0121956034 0.001
4.2537543 2.39046216 0.000675909791 -7.01341653 12.4801602 0.00393722675 0.001
0.201342049 -2.99634212 0.0105207834 18.2069368 1.22343238 -0.00542830622 0.001
-1.11421292 2.01423285 -0.00759133855 -18.2384763 -10.0889755 -0.0034815469 0.001
4.44002448 -0.772691468 -0.0131623179 2.55393435 14.6753672 0.00340138654 0.001
-4.52760466 1.0106711 0.00872931568 -3.19866059 -14.3293605 0.0223721831 0.001
4.89180756 0.756888419 0.000806534759 -2.1733112 14.0462186 -0.0100842551 0.001
0.794142772 1.30200483 0.007592653 -21.8611101 13.333931 0.0144570395 0.001
2.55049021 0.315868696 0.00338655001 -2.42444954 19.5762824 0.0175949365 0.001
-2.1099986 -3.01423017 -0.00619742181 13.505737 -9.45418379 0.00138147808 0.001
-0.352894776 0.993692318 0.00750707252 -29.0191915 -10.3057263 0.00200533463 0.001
-2.75381026 2.95569579 -0.0137834065 -11.511381 -10.7251089 0.0023669884 0.001
-1.88321135 2.37883726 0.00983235859 -14.2342452 -11.2685691 -0.00879136342 0.001
-3.29812473 -0.849486478 -0.00871250041 4.27399417 -16.5937496 0.00221713864 0.001
0.501625989 4.77517873 0.0180124442 -14.3525964 1.50772061 -0.00768033169 0.001
2.46644291 4.03149951 -0.0288345778 -12.4081708 7.59123122 -0.00160538588 0.001
1.39013492 2.56523899 -0.00121830834 -16.2767871 8.82059338 -0.00721957862 0.001
2.15961231 3.29277817 0.00773359048 -13.3254246 8.73965675 -0.00264926733 0.001
-0.729652931 -1.75544208 -0.00733523412 21.1786401 -8.80294313 0.0104922328 0.001
3.24688292 -1.71746006 -0.00972160052 7.71491923 14.5851656 -0.000869933427 0.001
-0.682422813 0.01501037 -0.00156255523 -0.841692666 -38.2662304 0.0129737409 0.001
-3.96299383 0.957862784 0.00990781306 -3.67938091 -15.2228107 0.00628235092 0.001
-2.28687661 -2.81068895 0.00796528055 12.8860489 -10.4845482 -0.00151295675 0.001
3.01181258 1.77161287 0.00225623427 -8.57713065 14.5814644 -0.00695332665 0.001
1.36427035 -4.39029166 -0.000630453279 14.0840611 4.37658097 0.0215837636 0.001
-3.30433295 1.65254948 -0.0227153231 -7.35895344 -14.7144958 -0.00820598394 0.001
-3.62681463 0.407188591 -0.00484210523 -1.84683261 -16.4496739 0.018560911 0.001
-2.02644357 3.08566867 0.00229693364 -13.757179 -9.0347182 0.00657153719 0.001
1.52025186 -4.35204448 0.0221168929 13.9043853 4.85706608 -0.00298082182 0.001
1.24039792 -4.03853934 -0.00434603276 14.7070337 4.51712178 -0.0176878177 0.001
2.02465917 4.0502782 0.00336297128 -13.2924776 6.64466374 -0.00780833866 0.001
2.38260707 -1.31879217 0.011852124 9.27999593 16.7657834 0.00171422822 0.001
0.813389265 -3.02872943 -0.0169045528 17.2459131 4.6315265 -0.0140771312 0.001
-2.98715625 -3.81516974 0.0136324379 11.3112188 -8.85632363 0.00584855273 0.001
1.97582716 -0.222111918 0.00595762845 2.50529041 22.2861559 -0.00623715732 0.001
-0.837579299 -2.29210193 0.00147636783 19.0133138 -6.94784026 -0.0289494234 0.001
2.85988013 2.86985898 -0.00050654945 -11.1283248 11.0896303 -0.00343711715 0.001
0.548319835 -4.65968673 0.0044814989 14.4991431 1.70615928 -0.0198384548 0.001
3.65138664 -1.35553997 -0.00746725116 5.57661569 15.0216006 -0.00892565008 0.001
-1.99015077 2.62014608 0.00586466169 -13.8828468 -10.544816 0.000849324666 0.001
0.60204449 4.47366105 -0.00983563054 -14.7510273 1.98512462 -0.0142069159 0.001
-4.22901593 -0.421937835 -0.00321507999 1.52287108 -15.2634951 0.00730720585 0.001
-1.46546667 -1.96051715 -0.00930660915 16.1895282 -12.101508 -0.0219905874 0.001
2.76918388 -1.36504773 0.00703757477 7.95735768 16.1425759 -0.00437296101 0.001
-3.57840585 -3.33385869 0.0167748386 9.74724144 -10.4622268 -0.00402154356 0.001
-0.567036729 3.04552332 -0.0114524331 -17.6631856 -3.28865483 -0.00163366641 0.001
0.874645854 -1.02395027 -0.0110393665 20.7202205 17.6989601 -0.00250093271 0.001
0.00600816556 4.38303737 0.00413476941 -15.1046895 0.0207051566 0.0125210432 0.001
-1.26840838 2.3955305 0.00296226636 -16.9746286 -8.98788856 0.00139318144 0.001
-3.13696926 -0.535578065 0.0135571097 2.98331194 -17.4737512 -0.00450740287 0.001
-2.83051783 1.87794091 0.00103937573 -9.48571556 -14.2973013 0.0112860796 0.001
3.53556742 3.40261083 -0.0138843335 -9.89912953 10.2859368 0.00621820571 0.001
-4.1666407 -1.50245328 -0.0149141057 5.09689399 -14.1348329 -0.018299041 0.001
-0.0351981563 4.77499541 -0.0332832037 -14.4709093 -0.106670119 -0.00881337441 0.001
1.40127736 3.49882306 0.000345250287 -15.1210946 6.05599291 -0.00340735604 0.001
-2.12916437 -0.710877402 -0.00225426473 6.68431079 -20.0203246 0.0157878777 0.001
-1.82879394 3.93181872 0.00153562773 -13.7692805 -6.40446027 -0.0143635351 0.001
-4.123051 1.15213 -0.00432652867 -4.11323746 -14.7197694 0.00195455029 0.001
3.45595848 -1.01141235 0.00259673268 4.68067586 15.9936958 -0.00219120658 0.001
-0.206868933 1.68678546 -0.00366742237 -24.0772816 -2.95286016 -0.0100826481 0.001
-1.8827419 0.950360261 -0.0147989121 -9.81232407 -19.4390216 -0.00732807371 0.001
-1.97904093 -2.71134127 -0.00578459156 13.9411883 -10.1758427 -0.0125613735 0.001
-0.360938811 -1.42442453 0.00231900227 25.2877639 -6.40773534 0.00242545649 0.001
3.57695761 0.379663523 0.00893340529 -1.75986408 16.5803634 0.00440218336 0.001
2.82055452 2.20526103 0.0187304898 -10.2938281 13.165926 -0.00560483111 0.001
-3.09955843 -1.90699848 -0.0114909069 8.68636926 -14.1184743 0.0262829297 0.001
-0.687066436 1.94022007 0.0036376126 -20.7775575 -7.35770268 0.0197041978 0.001
-3.1377631 1.97936067 -0.0168042162 -8.75951428 -13.8859385 0.012400713 0.001
0.714083329 -2.68998601 -0.00283963281 18.3208001 4.86343715 -0.0105316825 0.001
-2.97136494 1.2449653 -0.00833130463 -6.80835569 -16.2495368 0.0025328351 0.001
-3.43861874 2.1477646 -0.00569995622 -8.31993494 -13.3204003 0.0162435352 0.001
-3.48712737 0.58490735 0.00800644756 -2.78194107 -16.5855034 -0.00756090079 0.001
2.61253427 -1.94882696 0.0173592538 10.4732113 14.0400477 -0.00259509937 0.001
-1.5928512 -2.9484081 -0.000477222416 15.1982822 -8.2107365 -0.00836903229 0.001
4.11523143 -1.34347601 -0.00829637928 4.71684633 14.4482775 -0.0123357252 0.001
-1.97808392 -2.84893774 0.00257817817 13.9477358 -9.68423832 0.0169590424 0.001
3.7740841 -0.477792918 -0.00859219445 2.03630751 16.0847838 0.0132252507 0.001
-0.935287828 0.544173721 0.00079640891 -15.2880097 -26.2759645 -0.00771001847 0.001
0.731706937 3.95768138 -0.0255485508 -15.5000098 2.86568413 0.0189692461 0.001
2.12976139 -1.3005487 0.0123038502 10.4328083 17.0846293 0.00485179172 0.001
2.38793183 -3.90599495 -0.0103606728 12.6096643 7.70892417 0.00843484528 0.001
0.315647683 -4.28583035 -0.000277326542 15.2131978 1.12043881 -0.0131494315 0.001
-0.765578254 -2.64861111 -0.0116192025 18.2959261 -5.28841818 -0.0047096687 0.001
3.25232903 3.75918321 0.00169633561 -10.7263204 9.28008059 -0.00869839114 0.001
4.12646857 -1.33088766 -0.00197952649 4.66165633 14.4536454 0.012788872 0.001
-3.76907844 0.113724438 0.00697782186 -0.491139236 -16.2774364 0.0121541051 0.001
-2.46399553 -4.06509914 -0.00440944869 12.4034663 -7.51816485 0.0175660378 0.001
2.09036754 2.70224847 -0.00874017628 -13.5323234 10.4681453 -0.00685424369 0.001
3.76968247 -0.209603106 -0.0224491457 0.903514463 16.2495809 -0.0104685341 0.001
0.177715403 -3.16723997 0.00752317071 17.7270158 0.994671633 0.003853339 0.001
-1.55678075 -3.94729199 0.00462715883 14.2810517 -5.63233388 -0.00861698452 0.001
-1.79723709 2.21695335 -0.00215101277 -14.5408738 -11.7879782 -0.000513942181 0.001
-1.79086688 -2.71681431 0.00513573444 14.6366189 -9.64815148 0.00693974302 0.001
4.29962073 -1.90721849 1.07173689e-05 5.91220466 13.3284351 0.00625978815 0.001
1.75467914 1.04824781 0.00448042212 -11.3438188 18.9886038 -0.0157661029 0.001
-2.80728854 0.192438597 -0.000803198774 -1.28924248 -18.8074311 -0.00224795823 0.001
2.90401649 -3.53150812 0.0037538256 11.422857 9.39320086 0.0151331759 0.001
-2.21737258 3.64101222 0.00506954946 -13.0809541 -7.96628715 -0.00485607589 0.001
-1.40209873 3.31342981 -0.0170847938 -15.3535509 -6.49695195 0.00653436415 0.001
-3.01405069 -2.47077262 0.00708734226 10.1550297 -12.3879365 -0.000579786907 0.001
-1.91606023 -1.79240121 0.0151420812 13.3369065 -14.2570291 0.0209030287 0.001
-2.9093594 1.15088325 -0.0170260692 -6.57628619 -16.6244318 0.00785980522 0.001
-2.12730351 -4.30877774 0.00444046055 12.9351728 -6.38627477 0.0082483631 0.001
0.905691079 4.18525012 0.0150219716 -14.9359345 3.23214676 -0.0136352075 0.001
-1.73789746 1.98945095 0.00211933374 -14.6529663 -12.8001915 0.0157822171 0.001
-0.494106829 -1.39158584 0.017714408 24.5228037 -8.70724924 0.00735652068 0.001
-3.30734017 -1.90497098 0.00248602193 8.07888691 -14.0262647 0.00169442721 0.001
3.15930852 -0.304366362 -0.0161020887 1.70215625 17.6683018 -0.0117148669 0.001
1.30457359 0.971128149 0.0153196223 -14.8066572 19.890654 0.00202412224 0.001
-0.339175153 2.36578377 -0.00768040158 -20.2481552 -2.90291582 -0.0133726395 0.001
-2.99146789 0.620433308 -0.00311790853 -3.67409704 -17.7149472 0.012453188 0.001
-2.0298612 2.45368071 5.85526302e-05 -13.654039 -11.2956033 0.00831297785 0.001
2.78417394 0.284911774 -0.00496102793 -1.92429942 18.8043626 0.0124377843 0.001
2.14840102 1.84592417 0.00638484826 -12.2449976 14.2514876 -0.00926623235 0.001
-1.41004377 3.4415847 0.0127075156 -15.1732135 -6.21658248 -0.010910593 0.001
-2.18303325 -3.41227972 -0.00417286689 13.2351035 -8.46726334 -0.0110184443 0.001
-2.61401488 2.16238937 -0.0112412213 -10.9434853 -13.2290853 -0.000292068792 0.001
-3.6916533 -0.777779634 0.00507090748 3.35643791 -15.9309971 -0.0205062116 0.001
2.60407359 0.365838715 -0.000802076244 -2.71296237 19.3111155 0.00241482762 0.001
-3.28486616 -3.09870851 -0.00144234225 10.2112857 -10.8247376 0.00635409711 0.001
2.41783608 -4.02336968 -0.00621098673 12.5106042 7.51822294 -0.0140273114 0.001
-4.20600749 1.23265711 -0.010141633 -4.24812938 -14.4952427 0.00762419376 0.001
4.7154908 -0.255998793 0.016471515 0.788840109 14.5304134 -0.00946483221 0.001
0.0333589437 1.72698298 0.012316152 -24.0566118 0.464685041 -0.00226929529 0.001
-1.3690237 3.46836304 0.00780251539 -15.2326395 -6.01258987 -0.00919726221 0.001
4.42777974 2.27542781 0.00164041839 -6.4781383 12.6058798 -6.9285179e-05 0.001
-1.71599761 1.42842679 -0.00309808383 -13.5395986 -16.26539 -0.00372158654 0.001
3.59674786 -1.44113931 -0.0155800886 5.9750974 14.9124506 0.00668272836 0.001
-3.44288831 -1.96071789 0.00518179103 7.8620184 -13.8051738 0.00989284787 0.001
-2.18722941 -4.23886884 0.00225468988 12.8672447 -6.63941656 0.0106482156 0.001
-1.97969412 3.26433712 -0.012478249 -13.8384251 -8.39246921 -0.00663296351 0.001
0.206234153 1.08168994 -0.00384295735 -29.6018239 5.64386046 -0.00578601185 0.001
0.127926402 -1.70920206 -0.0126543178 24.0870569 1.80281231 0.0217481886 0.001
3.10702552 2.29674519 -0.00509039252 -9.56307363 12.9368786 -0.00590931922 0.001
-0.737443827 -4.50103977 0.000179898803 14.612197 -2.39404115 -0.00342808898 0.001
0.394751532 -1.27257907 0.00426279506 26.1657678 8.11656986 0.00518644397 0.001
0.660989773 1.0941833 -0.0248392069 -23.9398941 14.4619509 0.00415849337 0.001
-0.178719558 3.0455302 0.00300351613 -18.0737722 -1.06061552 -0.005635021 0.001
-3.06219222 -2.70563752 0.00274670149 10.3581241 -11.7231399 -0.0011819499 0.001
-2.8732952 2.60298265 0.00340408898 -10.7825856 -11.9023272 -0.00682354637 0.001
1.70310772 3.95383515 -0.0262655984 -13.9975633 6.02942641 0.000808460682 0.001
-0.488229117 2.65977941 0.0130142685 -18.9139879 -3.47185168 -0.00742195637 0.001
0.64326957 1.52507541 0.000665757268 -22.6474817 9.55260025 0.00824810867 0.001
-1.41814601 -4.41334189 0.0147638282 13.9832973 -4.49327464 -0.001889196 0.001
-3.01769804 2.72457634 -0.00237311 -10.5098843 -11.640583 -0.0114193731 0.001
-1.58994137 0.0798226534 -0.00918209473 -1.25670847 -25.0316509 0.00819162806 0.001
1.47062668 0.260716844 0.00957780439 -4.51685202 25.4782276 -0.00103458707 0.001
1.83945387 2.4767979 -0.018545654 -14.4536404 10.7343456 -0.0121816383 0.001
-2.41114271 -0.00349728358 -0.0170392564 0.0295390001 -20.3651614 3.20313526e-05 0.001
0.271191393 3.87324474 0.00594378539 -16.0092004 1.12090964 0.0149195012 0.001
1.16000265 -1.32063421 0.00633951687 17.9203846 15.7406899 0.00135257601 0.001
1.99240583 -2.97168753 -0.0120916925 13.8860971 9.31011104 -0.0113013916 0.001
-0.764129888 -4.35918807 0.0177052287 14.8060561 -2.5953801 0.00595296681 0.001
1.16715071 1.89969013 0.00233370222 -18.044539 11.0863852 0.000560906381 0.001
-3.45608913 3.20588403 0.0026460977 -9.90505446 -10.6781002 0.00159880667 0.001
-3.72649919 -2.7644795 0.00238730482 8.74668155 -11.7904661 -0.00138537511 0.001
-0.459064273 1.95660448 0.00176690681 -21.7167254 -5.09524173 0.00454634814 0.001
-1.59886145 -1.94166617 0.00299114848 15.3923797 -12.6748269 0.00529068351 0.001
-2.69064558 2.67357046 0.00764223984 -11.4446217 -11.5177143 0.0104653456 0.001
-2.82679542 2.39843574 -0.00281136611 -10.625775 -12.5235342 0.000458029562 0.001
1.40350066 3.77682759 -0.000701237523 -14.7673706 5.4876782 0.00117283775 0.001
-4.03932932 -2.47988112 -0.00973514406 7.59952883 -12.3784158 0.00783188166 0.001
3.28213734 3.58784711 -0.0116676113 -10.5810421 9.67946299 0.010493239 0.001
-0.870414732 -3.12610887 0.00242152429 16.9113119 -4.7086828 -0.00157492125 0.001
-0.770851012 2.79594073 2.49925697e-05 -17.9008245 -4.93532232 -0.0175150533 0.001
3.79582078 -1.94150444 0.00393009126 6.97403753 13.6348885 0.0091935791 0.001
0.453568902 -4.63375828 0.0212155089 14.5857032 1.42770101 0.0181619542 0.001
2.91031839 -3.26300617 -0.00883149884 11.2862671 10.066371 0.0103927958 0.001
3.93142201 -2.93506792 -0.0185926201 8.54085952 11.4401861 -0.00978341762 0.001
2.65744307 -4.23263244 -0.0141680958 11.9798944 7.52153364 -0.021089077 0.001
-1.81434791 1.25486987 -0.00488792261 -12.1110654 -17.510729 -0.00208164156 0.001
4.13927018 1.70381397 -0.00559099126 -5.68925153 13.8215495 -0.00586135226 0.001
-2.39364944 -1.90118709 0.00391844957 11.24923 -14.1631053 0.0101641629 0.001
4.65046123 -0.384928054 -0.000751992158 1.20756788 14.5890837 0.00951058019 0.001
1.56974289 3.94750538 0.00388246066 -14.2567628 5.6692645 -0.00540634522 0.001
-2.05519624 3.26454764 0.000450969449 -13.6253188 -8.57782057 3.10137983e-06 0.001
-0.329892207 0.61631363 -0.00486324442 -33.3456439 -17.8488152 0.0304449411 0.001
3.75420927 1.63156368 -0.00154113303 -6.22980666 14.3347135 -0.00710905893 0.001
-0.62017857 -3.56918306 0.0145362834 16.369178 -2.84429609 -0.0183365187 0.001
-1.41149829 3.11470786 -0.00692495449 -15.575875 -7.05854991 0.00520124211 0.001
-4.25752899 1.00862843 -0.00226329112 -3.48504716 -14.7107585 -0.00527677531 0.001
4.38403349 -0.929265642 0.00402948627 3.09751793 14.6132836 0.0132472752 0.001
2.25498031 0.508913162 -0.00545607263 -4.57876323 20.2883747 0.00327385201 0.001
-3.90536197 -1.9083 -0.0119802282 6.65906124 -13.6278596 -0.0233395458 0.001
1.29278316 0.919049026 0.0108125041 -14.5483435 20.4644724 0.00247122374 0.001
-1.85358478 -4.1947504 -0.0188111275 13.5067302 -5.96838123 -0.005828082 0.001
2.46156692 2.11472851 -0.00143401235 -11.4390616 13.3151918 -0.00176938545 0.001
2.60873267 0.494177384 0.00191574748 -3.61206044 19.0678497 0.00308776876 0.001
2.62092739 2.72495639 -0.014845337 -11.7213994 11.2739186 -0.0112815949 0.001
2.28504707 2.15490081 -0.0076712951 -12.242024 12.9813868 -0.0142099757 0.001
-4.46019289 -1.57753305 -0.0173492304 4.84791839 -13.7066232 -0.009832045 0.001
4.15090815 -0.660638774 -0.00397508253 2.42438452 15.232829 0.0167921849 0.001
-3.99970708 0.804399016 0.0113501458 -3.08684106 -15.3486762 0.000768790787 0.001
-2.25700175 -1.67298355 -0.0119304457 11.2347379 -15.1566483 -0.000709937567 0.001
1.07775391 1.17021072 -0.0118473185 -18.4417374 16.9846799 -0.00942370209 0.001
1.32071816 -4.80027538 -0.00274777236 13.6646642 3.75961143 0.0106815164 0.001
1.23132375 -3.48928514 -0.0177439002 15.5025694 5.47065692 0.0138490328 0.001
-2.90989342 2.170992 -0.0093279151 -9.92441033 -13.302203 0.00119208544 0.001
4.78862626 1.43553827 -0.00328611483 -4.06132529 13.5476492 0.00239894126 0.001
2.45750432 3.41226478 0.00621337965 -12.5134771 9.01217403 0.00845556535 0.001
0.340925512 -3.97710962 -0.00785959632 15.7699927 1.35183421 0.00285760814 0.001
2.46672179 -2.08419947 0.000346548814 11.3571577 13.4415869 0.00147344389 0.001
-4.70807894 0.50664569 0.00364501663 -1.55484988 -14.4486692 0.00399481129 0.001
-0.0260805579 -4.74617481 0.0137839764 14.5150421 -0.0797611573 0.00590414448 0.001
-2.43324981 0.860531771 -0.00255371978 -6.56298781 -18.5575819 -0.00198199032 0.001
-2.47534897 4.17361147 0.0107626825 -12.34721 -7.32307109 0.0136817221 0.001
1.93266467 0.459851466 -0.00651012784 -5.19332632 21.8265223 -0.00919900134 0.001
1.20609445 -4.61549176 0.000820976134 14.0079827 3.66048758 0.00292745191 0.001
-3.92666669 0.738625006 -0.00704287716 -2.92457014 -15.547554 0.0211625928 0.001
-1.58769021 -2.00132026 0.0203014182 15.4999088 -12.2964095 0.0101065117 0.001
-3.60036932 -3.29888128 -0.00686448281 9.6675162 -10.5510401 0.0145023437 0.001
1.33035748 -4.58835808 0.0114575468 13.8956688 4.02893728 0.00299899208 0.001
-2.09139466 -0.626911956 0.0190318222 6.14505946 -20.5000789 -0.00617907641 0.001
-2.59985934 -0.879608318 -0.00249740324 6.1173629 -18.0810967 0.00553650209 0.001
0.256907021 -4.37327004 -0.0054111508 15.0825488 0.886021822 0.00892958279 0.001
-0.597527691 -4.21330949 -0.00488547231 15.1775691 -2.15246894 0.00113877845 0.001
0.91592989 1.65513264 0.00540708628 -20.1171707 11.1325929 -0.0103883085 0.001
-2.7109927 3.09250631 -0.00422938241 -11.725831 -10.279249 0.00456459346 0.001
-3.89526965 -3.04224454 0.0107587809 8.75534278 -11.2102826 0.011261757 0.001
-3.01360358 -2.59915743 0.00170800879 10.3530697 -12.0039085 -0.0135857855 0.001
4.62765181 -0.892386419 -0.0120450274 2.75815913 14.3029968 0.00799628733 0.001
-2.75319618 1.73321882 -0.00962429151 -9.34032132 -14.8369823 0.0107603125 0.001
-1.89620575 2.5425142 0.0102459478 -14.2336316 -10.6154349 -0.0147188564 0.001
2.33085861 -3.49444817 -0.0108243865 12.8359946 8.56183498 0.00941508616 0.001
-1.10023769 2.52637897 0.0144382493 -17.4656025 -7.60626746 0.0105794682 0.001
-1.56734736 4.5572866 -0.00360088657 -13.6217653 -4.68481353 0.00345365672 0.001
-1.41951984 -1.6767562 0.00326061636 16.2833011 -13.7852295 -0.00262825976 0.001
0.158281887 -2.76614028 0.00309443042 18.9669782 1.08531339 0.0202645938 0.001
-3.12872358 0.527446269 0.00247938584 -2.95120643 -17.5060659 0.00790949924 0.001
-0.605183172 3.37827471 -0.00032414672 -16.8021173 -3.00992652 -0.00245466452 0.001
1.32852518 -3.87518682 -0.00300112501 14.7794695 5.06682604 0.0057888788 0.001
1.81948144 0.962202111 0.00355844297 -10.3044014 19.4851652 -0.0131194441 0.001
-1.00841198 0.304719349 -0.00713906863 -8.91213134 -29.4930401 -0.00509729793 0.001
-1.17819112 0.638130015 -0.0162235808 -13.0106314 -24.0217668 0.0213034831 0.001
2.82749852 -1.49633566 0.00882948525 8.26993968 15.6270032 -0.00963683142 0.001
0.745106992 -1.96029721 0.0107704994 20.4119378 7.75855696 0.00685050361 0.001
1.59036454 1.04593658 -0.00493357064 -12.5945392 19.1502132 0.00310688339 0.001
-4.39616505 -2.34362796 0.019992178 6.66503309 -12.5022341 -0.0150791648 0.001
-2.69100405 -3.50345253 -0.0170938613 11.9318677 -9.16487498 0.00292989575 0.001
2.28481509 3.50228354 -0.0101470964 -12.9516934 8.44940857 -0.0019386915 0.001
-0.856399257 -3.63119869 -0.00485414419 15.9346832 -3.75811186 -0.0120466185 0.001
2.04679125 -4.00386984 0.00468207279 13.2781876 6.7878526 0.00307020081 0.001
0.788238581 1.24954596 0.00832296981 -22.0043686 13.8807958 -0.00219405286 0.001
-3.39936179 0.752142942 -0.0074426522 -3.66130868 -16.5475366 -0.00318784092 0.001
-2.19492715 3.89506687 0.0101960375 -13.0291932 -7.34214095 -0.0148812054 0.001
-0.623022288 -0.192558555 0.0173047007 11.5635353 -37.4137634 0.0114591619 0.001
-0.182036907 1.67526105 0.00157189066 -24.217838 -2.63155424 -0.0132766238 0.001
-3.56736833 2.16907214 -0.00668547283 -8.04048863 -13.2238038 -0.00086788641 0.001
-0.162416459 3.55621147 -0.00214316008 -16.7427777 -0.764662814 -0.00424020459 0.001
0.701891353 2.05221419 -0.0129212965 -20.3168306 6.94869365 -0.00271003321 0.001
0.743331587 -0.0601646913 0.00499633672 2.95420699 36.4990714 -0.00840171107 0.001
1.05244584 -2.03766589 0.00619800161 18.552854 9.58247086 -0.00090407961 0.001
1.82812573 -4.01624669 0.0063153983 13.7011732 6.23653606 -0.00262912884 0.001
1.05489068 1.77167916 0.00252155252 -18.9220248 11.266525 0.0213138782 0.001
-4.7276433 0.786000575 0.00648897477 -2.36905254 -14.2493984 0.00669580181 0.001
-1.61515299 -2.17587893 -0.00324148772 15.4248914 -11.4498831 -0.0169941869 0.001
-3.34800197 0.93049166 -0.00942089469 -4.54254216 -16.3445206 0.00192721488 0.001
-1.39878912 -3.24730823 -0.00214066265 15.4453853 -6.65315253 -0.00862770573 0.001
2.38225697 3.07271494 0.00949634166 -12.6744458 9.8264198 0.00277278663 0.001
3.1308061 0.648461855 0.0092463347 -3.58689117 17.3176891 0.00504484397 0.001
2.5439931 -4.15061551 0.00857109534 12.2196278 7.48964795 0.00164609469 0.001
-1.21114368 2.99691214 0.00870332322 -16.3075299 -6.59037065 0.0101366347 0.001
-3.40288522 3.12790892 0.00210560685 -9.95406972 -10.8291378 0.00422078212 0.001
0.101350284 -1.04916966 0.00193114343 30.6585577 2.96163114 0.0159289521 0.001
3.89725891 2.25299952 0.00325847264 -7.4594538 12.9034305 0.00807239688 0.001
-0.367274861 -4.43069401 -0.00357579726 14.9462984 -1.23894804 0.0103670105 0.001
-3.13140432 0.562559368 0.00210687388 -3.13482476 -17.4495428 -0.00749984849 0.001
3.98821362 -2.19265022 -0.0203675947 7.141316 12.9893467 -0.0149936341 0.001
2.30995981 4.27398559 0.0066812596 -12.6214567 6.82151522 -0.000358733272 0.001
3.28295616 3.13096904 -0.00351180367 -10.2466661 10.7440717 0.0102174409 0.001
-1.94889396 -4.19140898 0.00610869462 13.3372455 -6.20146525 0.0204678375 0.001
-4.67721267 -0.290854829 0.00779079712 0.906647477 -14.5797238 0.00256563512 0.001
-2.55985754 1.43274407 0.012581541 -9.01740886 -16.111239 -0.00474598494 0.001
4.12264178 1.98112265 0.000458870043 -6.40433716 13.327185 0.0162050226 0.001
0.441153507 3.09438635 0.00298086847 -17.7075647 2.52449222 0.00124642954 0.001
-3.24731471 -0.971936991 -0.0104337094 4.92499946 -16.4547942 0.0075914825 0.001
2.91081187 0.308847608 -0.00413760542 -1.9501884 18.3800404 -0.00804282743 0.001
-2.62779085 2.53987899 -0.000408013422 -11.4960629 -11.8939717 0.00323470775 0.001
-0.876553192 2.8174554 0.0018375671 -17.5783486 -5.46889138 0.00161832754 0.001
3.59259398 0.443606826 0.00684730397 -2.03684169 16.4955649 -0.00651596592 0.001
-3.45229557 -0.561411108 0.00457248072 2.71404619 -16.6895337 0.000696881315 0.001
-4.20833323 -1.55916598 -0.00917031838 5.18597588 -13.9974287 0.000387706383 0.001
-4.39943378 -0.0868969118 0.00499508906 0.297702248 -15.0721274 -0.0183370638 0.001
-0.717809945 -4.70001918 -0.00511852833 14.3363974 -2.18952481 -0.00988047361 0.001
-3.32912141 -1.80405516 -0.0182609642 7.74267455 -14.2879798 -0.00292136117 0.001
4.42065109 1.50087268 0.000176753736 -4.70521596 13.8586826 -0.0138388205 0.001
3.33746663 -2.17006967 0.0108067455 8.63963063 13.2873517 0.00348003039 0.001
3.08731383 -1.03768521 0.00657660614 5.58253385 16.609116 0.0110601245 0.001
0.0538826659 -2.20893087 -0.0162684684 21.2674384 0.518778696 0.00111746544 0.001
2.22492874 -2.00272888 0.00712624872 12.2277461 13.5843967 0.000315390637 0.001
3.15273988 -3.00251657 0.0013674884 10.4518875 10.9748212 -0.00790439292 0.001
-0.44984648 -1.72253032 -0.000410947439 22.9311918 -5.98858306 -0.00351149535 0.001
-4.77687244 -0.844023872 0.0111757827 2.49819315 -14.1388773 0.00238836105 0.001
2.47073882 1.90008809 0.0175527592 -10.9193173 14.1987002 -0.015408356 0.001
-1.96468242 0.698609037 -0.00218824528 -7.33693515 -20.6334971 0.0147762538 0.001
-0.997539891 1.72320108 -0.00956538329 -19.3951883 -11.2276358 0.00604425936 0.001
-2.85603842 -1.96827536 0.0215396522 9.63513593 -13.9809291 -0.00849589505 0.001
2.27806132 -4.20967171 0.00101498505 12.7120803 6.87913461 0.00741818596 0.001
-2.20624267 -2.78276895 -0.00728179524 13.1494323 -10.4251698 -0.00574488793 0.001
-1.90202414 4.6040388 0.00433062711 -13.0949843 -5.40981026 0.000530198621 0.001
-0.307126804 -2.54084272 0.00157663893 19.6239503 -2.37206383 -0.00245811126 0.001
0.128928584 2.68756389 0.00485888077 -19.2562567 0.923766655 -0.0207910408 0.001
2.24772566 1.68501807 0.0260927862 -11.3170324 15.0963272 -0.00551371533 0.001
-4.24588304 0.737156044 -0.000342582896 -2.60575953 -15.0086949 -0.0170745175 0.001
-0.495142491 3.67838089 -0.0145507788 -16.2675659 -2.18975776 -0.00231811233 0.001
-1.96263637 -2.35113014 0.0160674995 13.8718079 -11.5796715 0.0211853694 0.001
0.381013028 2.54061033 0.0237227913 -19.5113103 2.92609352 -0.00604343688 0.001
2.61694091 -4.05789664 0.0107711236 12.094161 7.79953445 -0.0151066422 0.001
3.47178622 1.74914601 -0.00217564938 -7.2163422 14.323331 -0.0188830062 0.001
4.44742962 1.24698868 0.0150095569 -3.97236333 14.1675756 0.00608582947 0.001
2.85982238 -2.25724991 0.0108654127 10.2644136 13.004497 -0.000634401288 0.001
-2.13509096 -3.61511293 -0.00331742392 13.2885001 -7.84820751 -0.00897994153 0.001
3.73214264 1.6940401 0.01297681 -6.45606205 14.2233613 -0.00942006296 0.001
-4.40457488 1.06467406 0.00304836956 -3.49031406 -14.4394892 0.0105217144 0.001
-4.02088746 -1.25559936 0.0006710614 4.59262763 -14.70727 0.000545640242 0.001
0.107764623 3.33640348 0.00103002713 -17.2990033 0.558751533 0.00700081152 0.001
-1.14850267 -3.2016412 0.0128395678 16.1393074 -5.78954245 -0.00780837279 0.001
0.772837864 -0.848219662 -0.0125698245 21.8212494 19.8819817 -0.0102556235 0.001
-2.45250393 3.1917091 -0.00204627065 -12.4983075 -9.6036785 0.00325884359 0.001
3.92925091 1.38732764 -0.00923260733 -5.15759823 14.6075786 -0.0199688935 0.001
-3.28134212 -2.58560094 0.00904383381 9.57563418 -12.1522743 -0.0236715706 0.001
4.54755679 -0.284895826 -0.00166145009 0.926281536 14.7854672 0.000430962691 0.001
-2.59678175 -3.07798121 0.00897513551 12.0443448 -10.1613794 -0.0104346446 0.001
3.21112254 0.0948598544 0.00679391946 -0.520970356 17.6354862 -0.0122411823 0.001
-4.13549806 -2.75086891 0.0103479952 7.85865091 -11.8142437 -0.0137425355 0.001
-4.84026738 1.16870548 0.00802891548 -3.32616917 -13.7755392 -0.00605230786 0.001
-0.447968151 0.868121589 -0.0185489684 -28.432383 -14.6716798 0.0251005498 0.001
-0.514889237 3.28771024 -0.00164624046 -17.1261895 -2.68213742 -0.00421403424 0.001
-2.36052937 1.83074079 0.00958591896 -11.2128947 -14.4577361 0.00950625069 0.001
1.10087213 -3.2449379 -0.01466652 16.1775427 5.48836567 0.0232821688 0.001
-2.44384638 -0.479171735 0.000251777497 3.85560788 -19.6641678 0.00167557425 0.001
2.35372496 -1.81355929 -0.00298741541 11.1968907 14.5318663 0.011186098 0.001
-0.377924713 3.73834999 -0.00359053979 -16.2311036 -1.64086702 -0.000798905004 0.001
-0.681100357 3.0856023 0.0068531015 -17.3713728 -3.8344696 -0.0157158947 0.001
-3.530732 -2.39626495 0.0109857707 8.59677172 -12.6667533 -0.0122280794 0.001
1.0633573 1.13844422 -0.000253880253 -18.5156266 17.294415 -0.0191402315 0.001
0.785848066 -4.9134557 0.00708394289 13.9984282 2.23888 0.0108300197 0.001
-3.20948847 -2.4792699 0.0174545163 9.59946426 -12.4267914 0.0196604838 0.001
-0.437208172 3.68901049 0.00978628027 -16.2930267 -1.93099056 -0.00117685752 0.001
-0.822412899 -1.47683675 -0.000427244757 21.2497144 -11.8334266 0.00700236512 0.001
-2.32632033 -1.85468075 -0.00627846675 11.4288511 -14.3351725 0.0133825065 0.001
4.77375493 -0.274938314 0.0172862902 0.831508025 14.4374768 -0.0144907719 0.001
1.23959957 -2.47064069 0.011158875 17.0004689 8.52967982 0.00705875595 0.001
1.41063785 1.01351253 0.00494061691 -14.0002603 19.485992 -0.0016484612 0.001
-4.24844526 -0.731374656 0.0177525912 2.58393791 -15.0097063 0.000135766755 0.001
1.21792015 -1.05135407 0.00488875795 16.2907422 18.8716852 -0.0106416097 0.001
3.45266683 0.610655077 -0.000872995783 -2.94124469 16.6299084 -0.00268623209 0.001
3.35771398 -1.70082104 -0.00217399979 7.36545171 14.5406716 -0.00447788425 0.001
-1.29350212 -4.12299584 -0.00820879038 14.5149498 -4.55375632 0.0150967107 0.001
-3.35864691 2.02804693 -0.00792601851 -8.25230591 -13.6666373 -0.00129698419 0.001
2.22987386 -1.87196915 -0.0100527552 11.9160466 14.1942942 0.0139260141 0.001
1.18162569 3.00126167 0.0257244416 -16.3836071 6.45038426 0.000226474446 0.001
4.37279181 -0.500236009 -0.00304248833 1.71317516 14.9756478 -0.00190477982 0.001
2.20849961 0.705526596 -0.0106196056 -6.31997117 19.7833136 -0.00904425806 0.001
-1.39726691 4.69536485 0.000741556223 -13.693899 -4.07508947 0.00703190179 0.001
2.190617 0.397588577 -0.0104285892 -3.78466659 20.8525985 0.00041183635 0.001
3.07917381 -0.975411287 -0.00730407 5.31360216 16.7739545 0.0172541828 0.001
3.02103674 2.27797484 0.0134744574 -9.78783117 12.9805637 0.002535118 0.001
4.47447074 1.46339903 -0.00215829568 -4.53053826 13.8525176 -0.00694690021 0.001
2.10873692 -3.66715671 -0.00107068904 13.3285884 7.66438106 -0.00741292245 0.001
2.22924725 -0.466740577 0.0195617596 4.29401818 20.509098 -0.0114541329 0.001
3.61365152 1.20768388 -0.0149017161 -5.13506697 15.3652317 0.0161117426 0.001
-0.467429517 1.59776923 0.0198850377 -23.5231086 -6.88171675 0.00541253072 0.001
2.76116188 1.56945275 -0.00417543634 -8.76840037 15.426379 0.00530378745 0.001
-2.58131296 -2.30752821 -0.00246140387 11.3263685 -12.6702252 -0.00377189011 0.001
3.55637582 1.30888022 -0.0169548927 -5.61063386 15.2447277 0.00652282766 0.001
1.23429265 -2.51932422 0.000372188065 16.9544397 8.30648958 0.00998943283 0.001
4.50471786 0.102184028 -0.0116943541 -0.337842332 14.8935643 -0.00413172361 0.001
4.07607583 -1.38380158 -0.00243075354 4.89981345 14.4327131 -0.00668558528 0.001
-2.49127282 0.286332201 -0.00248643058 -2.28015151 -19.8387728 0.012448817 0.001
-0.637697413 -1.73358976 -0.00277293868 21.8368697 -8.03264744 0.001601523 0.001
1.89423358 -0.817163199 0.0120412766 8.72101502 20.2158388 -0.0167627352 0.001
3.2933814 -0.32427009 0.00774792285 1.70333993 17.299616 0.0141039232 0.001
1.25165825 4.7035393 0.00519714361 -13.8516637 3.68606448 0.000137985839 0.001
0.594636195 -1.69977553 -0.00893866354 22.2432647 7.78141 -0.00703612961 0.001
-1.26497244 -1.57861106 0.00349431612 17.3504219 -13.9032381 0.0040600631 0.001
-2.46126148 -3.11208337 0.0058852131 12.4519759 -9.84792659 -0.0177745931 0.001
-0.721356317 2.04317418 0.00718759053 -20.2574392 -7.15202447 0.00913645648 0.001
0.847177388 -0.929549813 -0.00756747237 20.840814 18.993997 -0.0165314484 0.001
3.10317591 -1.91164549 0.00955788326 8.68777409 14.1028718 -0.0161853035 0.001
0.962567018 4.43652641 -0.00192004937 -14.5042612 3.14690416 0.00281115397 0.001
-4.37252963 0.737075503 0.00823849397 -2.49623984 -14.8083645 -0.000705966575 0.001
2.30762507 -2.5709654 0.0164981617 12.6613353 11.3644527 -0.00326839912 0.001
4.19418674 -2.18120125 -0.00187781521 6.71049379 12.9034696 0.0137221847 0.001
-0.726910119 -1.46420211 0.0113478751 22.1533194 -10.998121 -0.00349104092 0.001
-2.01184072 -0.934344678 0.0101993269 8.94334506 -19.256904 0.00444838402 0.001
-1.54029365 0.879546846 0.00678201273 -11.7741303 -20.6192749 -0.0149313697 0.001
-4.49140776 1.23206452 -0.00313636078 -3.87639367 -14.1311306 0.00121710056 0.001
-4.07170121 -1.90977428 -0.00468992939 6.33212854 -13.5003051 0.00306234015 0.001
3.27381641 1.36558136 0.00296407694 -6.46379468 15.4961672 0.00278145352 0.001
2.2339385 2.60729022 0.00640710808 -12.959762 11.1039849 -0.0121351647 0.001
-4.42756636 -1.54642643 0.00432402066 4.81492545 -13.7855908 0.00678209279 0.001
-3.98080895 -2.35110556 -0.0085848838 7.47910428 -12.6633554 -0.0112478207 0.001
0.461485185 1.41306801 -0.0175253573 -24.655209 8.05199297 0.0080451649 0.001
-4.09399884 -2.63921516 -0.000183580267 7.76340986 -12.0427434 0.0030819693 0.001
-3.25077841 2.08862627 0.00616909219 -8.69596185 -13.5345636 -0.00286717203 0.001
2.52391793 0.252470551 0.017857193 -1.97630897 19.7569246 0.00325323959 0.001
2.67168698 3.86707057 0.0130438448 -12.0006195 8.29100437 0.00126315197 0.001
-2.05613787 -1.80203892 0.0141005645 12.6053153 -14.3827449 -0.00872573795 0.001
-2.2582714 -1.78904968 -0.00415193494 11.5689691 -14.6032122 0.0163653421 0.001
1.89986268 -2.03823885 -0.00917895512 13.8578323 12.9170231 -0.0189892262 0.001
3.01626249 -0.893612258 -0.00670598648 5.06456057 17.0947119 -0.00380953226 0.001
-1.5290436 3.8249148 0.00215399621 -14.4677095 -5.78359516 0.00185942435 0.001
0.204320396 4.01066037 0.0140044635 -15.7596947 0.802867051 0.0101828251 0.001
0.0669295715 -2.19460359 -0.00136817266 21.3313897 0.65055064 0.00940464557 0.001
2.29760198 -4.26619755 0.0142081326 12.6481058 6.81175977 -0.0241603201 0.001
3.67002158 -1.58148212 -0.00948707265 6.26012002 14.5273698 -0.0091937435 0.001
-2.22147772 2.10567431 -0.00682164691 -12.4344696 -13.1183142 -0.00319820408 0.001
2.69609991 -3.09630398 -0.00132202029 11.7700057 10.2487067 -0.00701804019 0.001
-0.837508098 0.927068769 -0.0177247111 -20.9935354 -18.9654279 0.00778862405 0.001
-3.80402863 -0.430091341 -0.00999071823 1.81575697 -16.0598247 -0.00782524602 0.001
-3.93244265 -1.49140096 -0.00693861147 5.46799785 -14.417711 -0.00238406974 0.001
-1.93370013 0.770608971 0.0183233063 -8.11409257 -20.3608088 -0.0158333431 0.001
-2.61896777 -1.32851671 -0.0109288284 8.34809518 -16.4569946 -0.00126672071 0.001
0.584692593 -2.32750626 0.00618434745 19.7980319 4.97346143 0.0036736679 0.001
0.835229698 2.75150479 0.00141977178 -17.8445116 5.41676908 0.0038223256 0.001
1.76860054 3.31354353 -0.00846071779 -14.3947692 7.68319368 -0.010572374 0.001
-4.02593747 0.497500602 -0.00636770066 -1.92555863 -15.5822498 -0.00543493616 0.001
-1.34230835 -3.30283298 0.00351279853 15.5154617 -6.30565757 0.0158747321 0.001
3.89340295 -0.624479223 -0.00939650295 2.52203057 15.7239519 -0.00842012427 0.001
-1.06242194 4.31520346 -0.00740864701 -14.5656728 -3.58613226 0.00764065891 0.001
-0.837403968 -4.27554739 0.00982430245 14.8676714 -2.91196563 0.0227885198 0.001
-4.95749981 0.141087582 0.0139296207 -0.403953173 -14.1940045 -0.000393676339 0.001
2.81161138 1.70991981 0.0132970877 -9.05805495 14.894108 0.00145623231 0.001
-3.22134986 -2.87009163 0.00219157834 10.1276076 -11.3670821 -0.0104790245 0.001
-3.47573685 -2.6593721 -0.00838524163 9.18547013 -12.0051936 -0.00941614518 0.001
-3.88200962 -1.5375399 0.0126303348 5.69873022 -14.3882611 0.00807775426 0.001
-3.84377926 1.8706563 0.0112489164 -6.69297021 -13.7525531 -0.0021523962 0.001
-2.32939708 -0.166701307 -0.0037778136 1.47709972 -20.6402208 0.00468007213 0.001
2.09356003 4.25460126 -0.00143415121 -13.0300062 6.41167019 -0.00593574264 0.001
3.73501765 -0.0755501752 0.0167929471 0.33087446 16.3576318 0.0104743409 0.001
0.839092549 -0.119618735 0.00915414994 4.84765036 34.0049348 -0.00593144009 0.001
-3.96412374 1.02088847 0.00483683216 -3.89799256 -15.1359578 0.00803356238 0.001
2.38445089 -2.54671204 0.00938377434 12.3587864 11.5713589 0.00817792304 0.001
-3.39390743 -1.16970122 0.00355367587 5.43833441 -15.7794172 -0.0130501009 0.001
2.93584856 -0.859120107 -0.00646747627 5.07798219 17.3528551 -0.00463173239 0.001
2.57479189 -2.83475682 0.0138387317 11.9617683 10.8647993 0.00415494666 0.001
-0.861073635 3.53893508 0.00391396883 -16.1001399 -3.91739483 0.00611694463 0.001
-3.06677838 1.63754374 -0.00638218167 -7.98845265 -14.960708 -0.00472331442 0.001
-3.98707028 0.67226651 0.00510681236 -2.61474669 -15.5075088 -0.0173292764 0.001
2.66313564 -0.389615987 -0.0086516195 2.7902865 19.0723987 -0.00259662319 0.001
-0.64189265 -2.69514562 -0.0139915977 18.4815319 -4.40167664 0.00587219581 0.001
1.77305543 -2.1368314 -0.00183283892 14.6045783 12.1182826 0.0201213622 0.001
-2.82810679 2.02744578 -0.0107482616 -9.87700905 -13.7775504 -0.00569844227 0.001
-3.55669703 -1.42370153 0.0156732493 6.00399803 -14.9992126 -0.00509430646 0.001
1.86210739 -0.142304727 0.00327609751 1.7632565 23.0728313 0.000320330645 0.001
-0.731432657 4.51218529 0.00611664813 -14.6001766 -2.36671264 0.00114273517 0.001
2.03705513 -3.0488716 0.0059655959 13.7313553 9.17438688 0.00074672749 0.001
0.950978666 0.332309669 -0.00462462276 -10.3934756 29.7432619 0.0106614304 0.001
-2.94295073 -3.95390072 0.00817229675 11.426089 -8.50461844 -0.0105787568 0.001
-2.22272019 -4.24712167 0.000608009102 12.7968493 -6.69719815 0.00963199938 0.001
2.78817557 2.30338312 0.0102055703 -10.590657 12.8196699 -0.00526723886 0.001
-2.51012969 0.132671644 0.00271833867 -1.05274989 -19.9178866 -0.00751582096 0.001
3.31375459 2.14859064 0.000349008194 -8.6569376 13.3515274 0.00643265129 0.001
-1.41201737 -3.41920344 0.00216718502 15.196634 -6.27570472 0.0151242604 0.001
0.0204772896 -3.94484704 0.00900253878 15.9212125 0.0826453537 -0.000247312576 0.001
