1.49018548 -1.19488872 3.88075977 0.172355487 0.195600214 -0.0436245686 0.00390625
-0.435506222 0.158111265 -0.362310851 -0.00480956995 -0.047275903 0.0433460874 0.00390625
-0.0424337677 -0.165303972 -0.252448666 -0.00654215934 0.00914143814 -0.00373674062 0.00390625
-0.292302416 -0.183250459 0.236984198 -0.00147152617 -0.0541201925 -0.046649685 0.00390625
0.41786975 -6.78704646 -1.94048641 0.792345714 0.07407182 -0.0185238599 0.00390625
-0.0982431777 -0.480691913 -0.0254818088 0.0393044155 -0.0347248611 -0.0234863602 0.00390625
0.571807834 1.18677071 -1.08554087 -0.162882118 0.109801396 0.0066050248 0.00390625
-0.0322313334 0.198931729 -0.480350329 -0.0122665764 -0.0454479738 -0.0327589123 0.00390625
-0.221357311 0.897528895 -0.249621109 -0.122332397 0.0142414509 -0.0294766499 0.00390625
-0.11820336 -0.428306522 0.30633479 0.0455393659 -0.0054498355 -0.0259728614 0.00390625
-0.646759894 -0.425981391 1.18688589 0.065364361 -0.0826931609 0.0134028874 0.00390625
0.123955771 -0.315604067 -1.06992398 0.0365460815 -0.0110524132 -0.0996276397 0.00390625
-1.08444252 -0.268264015 2.27548825 0.0736464344 -0.133207667 -0.0615112213 0.00390625
0.733116372 0.37864476 -0.640811208 0.0102675762 0.0718071445 0.00561871133 0.00390625
0.425542271 1.95867564 4.16060745 -0.210626241 0.0696381076 0.0242258493 0.00390625
-1.99157365 1.06650437 -1.28315187 -0.10056958 -0.216964522 -0.0253094098 0.00390625
0.236860277 -0.559306332 0.76879049 0.097282595 0.00507931232 -0.0524404778 0.00390625
0.191759709 2.63183652 0.766745025 -0.295770254 0.0158114637 0.0394163111 0.00390625
-2.17573007 -0.705992981 0.2628983 0.0902604097 -0.271707471 -0.0244151649 0.00390625
0.0111654708 1.07840854 0.975188436 -0.145914251 0.0109882102 -0.00485361449 0.00390625
0.136295944 1.44969529 0.1222005 -0.200128644 0.00583432484 -0.060512174 0.00390625
0.0343999444 -0.151212265 -0.0392979062 0.0305404718 0.0357053939 0.0625496362 0.00390625
0.314781403 0.600577265 0.263533552 -0.0969519278 0.0459756416 0.0540215252 0.00390625
-1.1305974 -0.28373498 0.475957871 0.0531101331 -0.164361871 -0.0168108533 0.00390625
0.463455245 0.279580909 0.715476817 0.00208386615 0.020697475 -0.0692835657 0.00390625
-0.460276862 1.71950481 0.382614664 -0.205743737 -0.0650562599 0.0335921969 0.00390625
-0.193148776 0.29902339 0.832138702 -0.0557165262 -0.0062490771 0.018499485 0.00390625
-0.220226231 1.23569775 -0.703712462 -0.174328848 -0.0115993419 0.0148660089 0.00390625
-0.5932465 -0.00920723644 0.589035849 0.0225330133 -0.053374247 0.0374690412 0.00390625
-0.0477670812 0.818904638 0.842702589 -0.0760187002 0.00543470208 -0.0243135211 0.00390625
7.43111161 2.04193948 2.14687293 -0.237974221 0.872937857 -0.014599244 0.00390625
-0.119201156 -1.61394033 -2.31208139 0.204390934 -0.0442066382 0.0367637164 0.00390625
0.411140347 -0.242555565 -0.749470173 0.0205176059 0.036740732 0.0871672054 0.00390625
-0.14455983 -0.121124983 -0.662615346 0.00632399395 0.00867558509 0.0497870886 0.00390625
-1.01474405 -0.475878668 0.515895496 0.0631280048 -0.167797363 -0.0427149296 0.00390625
0.541285113 0.355504735 -0.69540847 -0.0628111644 0.075527401 -0.0212678754 0.00390625
-0.777241746 -0.726573025 -0.41910318 0.0387827063 -0.103562185 -0.0348958317 0.00390625
1.35235646 -0.684089993 0.850987697 0.0913598305 0.142528422 0.0772229773 0.00390625
1.44900661 1.52748332 7.71797736 -0.214748734 0.203373486 0.00553602401 0.00390625
0.0501958729 -0.964089771 0.484180929 0.109491961 -0.0107512959 -0.00601563413 0.00390625
-0.207789583 0.474582557 -0.974175061 -0.09870898 -0.00443443964 -0.0350295202 0.00390625
-0.356772377 -0.656278583 -0.296978761 0.0649874749 -0.0573314406 0.00828778868 0.00390625
2.58846697 -0.535720698 0.4044023 0.0302721684 0.302701549 -0.0492019689 0.00390625
-0.596947498 -0.953226142 3.99498442 0.12941654 -0.079778571 0.0061083788 0.00390625
-2.05729361 1.87322828 -0.618976322 -0.21861878 -0.24456141 -0.083825224 0.00390625
-0.946198423 -1.68201825 0.886987926 0.244887015 -0.115720063 0.0240612714 0.00390625
-0.65466699 -0.404449899 -1.37660437 0.0173987942 -0.081400481 0.0108233375 0.00390625
-0.552892557 -0.680909568 -0.881454487 0.0881691352 -0.0790663965 0.0518414962 0.00390625
-2.08443476 -0.419158529 0.463219733 0.0578023351 -0.228296763 0.0313323763 0.00390625
-0.836597903 -0.248501318 -0.0117233937 0.0270893435 -0.0950960667 -0.0323711985 0.00390625
0.462560798 -1.78466894 -5.97504045 0.165454836 0.0326894896 0.034985608 0.00390625
3.73755882 3.18759197 1.74130357 -0.351162747 0.506610213 -0.0503987496 0.00390625
0.36363575 0.197917674 0.358428747 0.0150992101 0.0654066272 -0.0188677009 0.00390625
-0.230952516 1.65490748 0.0391042192 -0.260229702 -0.0978278417 -0.0552682383 0.00390625
0.368591093 1.07542373 1.29334425 -0.132876092 0.00385414606 0.0668778671 0.00390625
0.517472622 0.209455822 -0.382592759 -0.00519089553 0.0548717986 -0.0189093416 0.00390625
0.0362753481 -0.092485377 -7.77569528 0.0129663011 -0.0280420138 -0.0643475292 0.00390625
0.33887291 -1.11783781 -1.2162871 0.114600801 0.0205621021 0.042074841 0.00390625
-0.674987724 0.402854913 1.07827386 -0.0420933651 -0.0892223004 -0.0274514405 0.00390625
0.313788617 1.15875125 1.06788845 -0.105979954 0.0525325274 -0.0671879628 0.00390625
-0.36849818 -0.212610839 -0.441823746 0.0595918912 -0.0494806957 -0.0427730748 0.00390625
-2.50050832 -0.58802136 0.11461091 0.0835647212 -0.348366355 -0.0513161762 0.00390625
-0.18670766 1.82738531 1.69567269 -0.256904929 -0.0497901091 -0.0195789344 0.00390625
-2.70184394 -0.139354544 -3.01918179 -0.0436196379 -0.334834912 0.0211255394 0.00390625
0.0380231312 -0.329726565 1.26378953 0.0548881463 0.0155670167 -0.0568367738 0.00390625
-0.844664262 -0.275597654 -0.826168625 0.0710621473 -0.101237888 0.0111829702 0.00390625
0.0477618831 -0.290714412 1.51974033 0.0336400674 -0.00860310691 -0.05271217 0.00390625
2.09099501 0.727779718 -0.237331321 -0.100789231 0.26856891 -0.0137886271 0.00390625
0.384389082 -2.07189818 -0.151221247 0.242860303 0.0555080999 -0.0411458883 0.00390625
-1.20115689 -2.07396721 -0.470131021 0.261371157 -0.173088664 0.0455635902 0.00390625
0.411070835 -0.149775272 0.511816562 0.0668564379 0.0566651599 0.0107836944 0.00390625
0.0645140273 -0.470827684 0.25009959 0.0186743672 -0.0374075865 -0.0734080788 0.00390625
4.46358454 -2.27352476 1.38901174 0.285846484 0.552158527 -0.0477947304 0.00390625
-3.84754162 -3.67313536 1.50284013 0.435107672 -0.505346635 -0.0666283277 0.00390625
-0.7740374 -0.563530903 0.522240962 0.0490169276 -0.0797952073 0.00337048877 0.00390625
0.77363538 0.433070321 -0.386466394 -0.0489236274 0.0696907488 0.00338827616 0.00390625
-1.8359097 -3.1080704 2.44654631 0.384436103 -0.236737906 0.0408652556 0.00390625
-0.166668154 0.084924531 0.747657203 0.0126935998 -0.00582887124 -0.0197072279 0.00390625
-0.173167278 -0.461763587 0.129511979 0.0532470745 0.0363472977 0.0601223768 0.00390625
1.22932175 1.65116912 7.73061502 -0.204543079 0.142424128 -0.0657153675 0.00390625
-1.89669877 -0.529371098 -0.667218732 0.0220977656 -0.25319377 0.0367844113 0.00390625
0.560535605 0.504424324 0.541265981 -0.0528258134 0.0787277844 0.00748818951 0.00390625
0.368181387 -0.413943157 -0.0724215636 0.0425890688 0.0532983294 -0.0173368613 0.00390625
-1.24200914 0.353312288 0.736131987 -0.0620996323 -0.152685296 -0.0553044613 0.00390625
2.06107289 -1.47383449 1.56174091 0.176386145 0.226975265 -0.0687808656 0.00390625
1.16968038 -1.76668969 1.0998176 0.210760801 0.154449807 -0.0445427489 0.00390625
-0.68905586 0.0982713594 -1.55156789 -0.0198374064 -0.137413062 0.024925428 0.00390625
-0.27128719 -0.411817179 0.597274647 0.0274969882 -0.0300678182 0.0103499121 0.00390625
2.53696135 2.08455603 0.509803507 -0.216955077 0.302330515 0.00393357903 0.00390625
0.385506099 0.724771826 0.0367956546 -0.132210633 0.025952363 -0.0277276166 0.00390625
0.427799307 1.49125274 -1.86274473 -0.180013959 0.0522497555 -0.0853652116 0.00390625
1.18834198 -2.10716061 -2.01452434 0.288354433 0.145485156 0.0292467188 0.00390625
0.464415573 1.46884046 -0.696197411 -0.162870515 0.0637205741 0.031179874 0.00390625
0.0868975316 0.359028052 0.0297612254 0.00845720779 0.0100669365 -0.00305490759 0.00390625
0.897656925 0.147401219 0.49153949 -0.0365363828 0.119460479 -0.0560250043 0.00390625
-0.0408465856 0.32269685 0.349317029 -0.0352310808 -0.00305639919 -0.021158336 0.00390625
0.348468999 0.202758179 -0.312505986 -0.0241453912 0.0555219554 0.066908439 0.00390625
-1.37183545 -0.0713951184 -0.0095098647 0.0338322696 -0.161775156 -0.011386954 0.00390625
0.359659127 0.0158737531 0.126877541 -0.0368929348 0.0419080591 0.000854715689 0.00390625
-0.888302798 -0.489531867 -0.409131322 0.0580037029 -0.0656233545 0.0137985324 0.00390625
-2.89960299 -4.9896459 0.564544726 0.623312366 -0.389396662 0.0195185357 0.00390625
0.222514237 -0.333237548 0.291935881 0.013794906 0.0201082528 -0.0331317898 0.00390625
-2.83644352 6.85990474 1.88135627 -0.819181926 -0.357727275 0.00506109775 0.00390625
-0.220869384 0.167433371 0.304528209 0.034089178 -0.0609613903 -0.0268036866 0.00390625
2.59863674 1.71722139 -2.1067385 -0.223823813 0.310477525 -0.0171776749 0.00390625
0.470642324 0.158808101 0.0676585782 -0.0135133079 0.0538966983 0.0394357446 0.00390625
0.330614705 -0.235281072 0.313340325 0.0726496985 0.0487590318 0.0290478599 0.00390625
0.339230416 -0.153259185 0.209796548 0.0545147321 0.0398528532 0.0239878643 0.00390625
0.12768934 -0.665191486 0.702002542 0.109617191 0.0601982611 -0.00684968455 0.00390625
-0.750566678 -5.29812567 -5.00550949 0.573172202 -0.0739469802 0.00399782866 0.00390625
0.23348644 1.15559533 -0.743798205 -0.156044445 0.0496307248 0.0459046331 0.00390625
0.490425175 1.20269388 0.63378021 -0.160598664 0.0727905996 -0.0640825412 0.00390625
-2.50792401 -0.67475715 -0.260170593 0.105657268 -0.288408498 -0.0606187793 0.00390625
0.136785888 -3.43541322 -1.16750395 0.364213484 0.0558264567 -0.0801892222 0.00390625
1.21799578 -1.24014578 -0.630257343 0.181017645 0.149461523 -0.0799605582 0.00390625
0.663377223 1.12992213 -0.979625713 -0.122107729 0.120300549 0.0150104052 0.00390625
0.378909779 2.26869474 -0.602120889 -0.28766816 0.0396405502 -0.0361891162 0.00390625
0.00705098709 0.864868817 0.357764643 -0.107610116 -0.0149236664 0.0449344964 0.00390625
-1.22994318 3.31840468 -3.46587391 -0.401291283 -0.126066445 -0.0738890459 0.00390625
-0.561721812 0.255796712 0.300350845 -0.0271165873 -0.0939847018 -0.0206588635 0.00390625
-0.903726817 -0.807423002 -1.01211166 0.0611415724 -0.0831868576 -0.0337631774 0.00390625
6.11128311 0.530254523 -5.13527496 -0.0781175706 0.76071024 0.0427792684 0.00390625
0.379190798 0.234974113 0.238049739 -0.0384218863 0.0788558722 0.0422391704 0.00390625
-5.46486325 4.56510382 3.64624421 -0.544344426 -0.628562593 -0.0282475116 0.00390625
-1.80532628 1.6607671 -0.806531834 -0.212227874 -0.256904868 -0.00805376211 0.00390625
0.122606992 1.04823515 -0.411843001 -0.139141089 0.0456380429 0.0443332734 0.00390625
0.579839895 0.0686934223 -0.178555016 -0.0180672057 0.0359556048 0.0864025145 0.00390625
2.37776629 -6.50713813 4.00042259 0.809713385 0.283813746 -0.00808462042 0.00390625
0.718262245 0.0981956529 -0.448765712 -0.0333653977 0.0606492706 -0.0430367894 0.00390625
0.527638754 0.465570266 -0.343253772 -0.0242338581 0.0678373811 0.07768677 0.00390625
0.761349307 -0.833429775 0.606663503 0.0881424896 0.0708859559 0.0160001225 0.00390625
-0.294226547 -0.648340341 0.859471411 0.0757144622 -0.0637034963 0.0596086049 0.00390625
-0.205350475 1.97488162 0.991666034 -0.252531924 -0.0576810688 0.0257125 0.00390625
1.01019474 3.88212972 1.96691977 -0.491171292 0.10666035 -0.0125067389 0.00390625
1.52199647 -0.0196351194 -0.566330116 -0.0218230941 0.219587051 0.0198809351 0.00390625
-0.920764688 0.916679992 -0.821635199 -0.130736511 -0.147070837 0.0235157234 0.00390625
-0.577024145 -0.783505171 -0.898122362 0.0636642932 -0.0723154223 -0.0756653424 0.00390625
-1.655168 -0.0137881194 0.565379374 0.0184873289 -0.220139587 0.0244313824 0.00390625
1.65647444 0.773006433 -0.228766633 -0.0912453834 0.206926044 0.0359581173 0.00390625
0.314876796 0.993586726 -0.0911910826 -0.112066087 0.0406789122 0.043300373 0.00390625
-0.775149678 0.0409304021 -0.422633582 -0.00415465107 -0.10183532 0.0434427563 0.00390625
-2.29133709 2.60227847 0.948594709 -0.309947496 -0.237832648 -0.0102685475 0.00390625
1.9152741 0.47688796 1.8528374 -0.0422190505 0.271435783 -0.0665856819 0.00390625
-0.159644837 -0.151059115 0.39892261 0.05204024 -0.0590914054 0.0397519764 0.00390625
0.556368748 1.27046129 -0.112733509 -0.149480654 0.0530243615 -0.00532196203 0.00390625
0.227749397 0.0651570406 -0.105190627 0.00238980952 0.00468184878 0.0070971096 0.00390625
-0.0614919547 0.264267139 -0.0196312337 -0.0280978069 0.0236166042 -0.0066405069 0.00390625
0.123672635 1.4965899 4.26863411 -0.172326509 -0.00304785338 -0.0446694229 0.00390625
-0.0777835631 0.802479429 0.0618080792 -0.100634938 0.0178002304 0.0277697567 0.00390625
-3.2974689 5.86862761 4.32272007 -0.699185011 -0.373374352 -0.000744138436 0.00390625
2.18446399 -1.71383116 -1.05447168 0.15726239 0.277168438 0.0261338029 0.00390625
0.538993153 -0.607686886 0.553974259 0.0919000079 0.0815939358 0.0309249272 0.00390625
0.227394717 0.242554646 -0.58200529 -0.0101539142 0.0367628226 -0.0786307515 0.00390625
-0.720262719 1.29870042 0.907832649 -0.133000357 -0.097653281 0.0371074177 0.00390625
-0.0346814507 0.215544224 -0.748973134 -0.0185756617 -0.00767970707 -0.0290489431 0.00390625
-0.858646748 -0.0555307805 -2.07580815 0.0062036162 -0.107398521 -0.0440130389 0.00390625
0.383417861 0.046347407 0.477941109 0.0357853287 0.0254848704 0.0597454014 0.00390625
-0.979726304 0.18664224 0.260041875 -0.0557657623 -0.138605825 -0.0198949231 0.00390625
-2.57541374 -1.04241219 -1.15672059 0.132994133 -0.305440399 0.0281902046 0.00390625
-0.0425880975 -0.243609916 1.0101202 0.0137115129 0.0124026507 0.041478076 0.00390625
-0.175465002 1.22518494 0.26462951 -0.156689941 0.0383164634 -0.0416664564 0.00390625
0.706531761 1.47565199 0.955551727 -0.195030195 0.0906790076 -0.0449497599 0.00390625
0.583265501 -0.0338137853 -0.230578458 0.0344507637 0.0253024202 -0.0568912091 0.00390625
-0.931693608 -0.212529255 0.508194494 0.0253802124 -0.154856175 0.0859212687 0.00390625
0.202235615 -0.473133014 -1.20144146 0.0734689786 0.0357530467 -0.0263938556 0.00390625
-1.16150121 -0.222569667 -0.143301775 0.0317220745 -0.161317888 -0.0496898854 0.00390625
0.25130416 0.2261577 -0.208957752 -0.0408828553 0.0541192791 0.00402705506 0.00390625
-0.109576585 -1.8655913 -1.77401174 0.220488419 0.0292441606 -0.0953156188 0.00390625
-0.159782601 0.666816169 -1.33281501 -0.114462787 -0.00445339508 0.0802234696 0.00390625
-0.168484274 -0.236827555 -0.322327609 0.0184003294 -0.0114170089 0.0510368146 0.00390625
-0.770764506 1.07313092 0.119269786 -0.111161796 -0.10362557 -0.0152490771 0.00390625
-0.383731804 -0.46017545 -0.648102988 0.0666068505 -0.0275616757 0.00383612518 0.00390625
-0.970577714 1.53624017 1.80098951 -0.188724718 -0.161818599 -0.0327114042 0.00390625
-0.998008659 1.78866155 -0.792497705 -0.242836755 -0.120482541 0.0289630344 0.00390625
0.484097212 1.24128301 0.10503857 -0.144151306 0.0609454481 0.00535166538 0.00390625
-1.24920359 -0.274666611 1.01977673 0.0471371499 -0.166061226 -0.0328854869 0.00390625
0.0399758624 -0.401100279 0.229284475 0.061056001 0.0220506369 -0.0257222217 0.00390625
-0.479364071 0.419643873 -0.147660939 -0.0860014701 -0.10192792 -0.0210278944 0.00390625
0.53123135 -0.280685127 -0.153781555 0.040543735 0.0777454743 0.0125482804 0.00390625
1.15109758 0.475039165 -0.103798345 -0.0910755551 0.125732829 -0.0242756918 0.00390625
-0.603749802 0.0155491833 1.00719468 -0.0202606107 -0.0581320997 -0.0120117039 0.00390625
1.27954305 0.0353205015 -1.54180148 0.0296204887 0.14166291 0.014749755 0.00390625
-1.15046819 -0.0311468006 -1.06205024 -0.0626704855 -0.127359084 -0.0132977497 0.00390625
0.0555469111 0.917816633 0.308935711 -0.09250659 0.00870725747 0.0629599723 0.00390625
0.403721205 -0.582774021 -1.17984299 0.0845854382 0.0634323764 -0.0423382668 0.00390625
-0.907792038 -1.33010978 -1.59422944 0.151724092 -0.103577079 0.0179454288 0.00390625
1.2500738 1.00704772 1.06283717 -0.104474775 0.153484248 -0.00904881701 0.00390625
-0.0711292959 -1.44077158 -5.19453851 0.170025493 -0.000210061782 -0.0370678886 0.00390625
0.31125303 -1.96549608 -1.69826906 0.192335389 0.0152477089 0.0192088582 0.00390625
2.66794338 0.533711385 -1.53502208 -0.106335124 0.33984956 0.0583935763 0.00390625
-1.32827005 0.226007225 -0.0172763663 0.0292214865 -0.150431122 -0.0481658473 0.00390625
-0.812805658 0.141084096 0.993632691 -0.0308492143 -0.140951644 -0.0173536991 0.00390625
-0.335657274 -0.333568415 0.406440473 0.0330016843 -0.0279661798 -0.0331927926 0.00390625
-0.00123348938 -0.0943172327 0.080520532 0.00933584059 0.0340920375 -0.0399907803 0.00390625
0.0376313716 0.616306072 0.912348317 -0.0753194732 0.0325963515 -0.00801463399 0.00390625
0.210771963 0.0184078895 0.361375474 -0.0124791056 0.0239625239 -0.0449594261 0.00390625
-4.07744473 0.933443484 4.31915378 -0.148981327 -0.500501451 -0.000564971523 0.00390625
2.45980854 -7.5803559 0.698245154 0.914582125 0.285524589 -0.00377803159 0.00390625
0.438858381 -0.0970475876 -0.281361535 0.0200104801 0.0336161763 -0.0991408187 0.00390625
-1.20599948 -0.220143279 -0.482777477 0.0481111066 -0.128848406 0.0453014622 0.00390625
0.349713728 0.293212453 0.0185617933 0.00548371438 0.0522004468 -0.0235861935 0.00390625
-0.441287542 0.526158233 0.843045629 -0.063604917 -0.0570822672 0.0452787193 0.00390625
-3.4679707 0.579799622 0.838146116 -0.0857846389 -0.432919447 0.0292375473 0.00390625
0.237146505 -0.716361646 -0.0188292763 0.077995977 0.0335705276 -0.058228526 0.00390625
0.0880891364 -0.0545843376 0.077446542 0.0181820259 0.0223217359 0.00415915935 0.00390625
-0.210302085 -0.581705388 0.00251459605 0.0827494725 -0.0556319666 0.0110384264 0.00390625
1.4047949 -0.242870623 1.21869765 0.0211776901 0.140375362 0.031338574 0.00390625
-0.0388706503 -0.276900941 0.649873324 0.0404592691 0.0110546277 0.0262172048 0.00390625
1.08143488 -0.177112767 0.29067331 0.00197031202 0.163361184 -0.0739646857 0.00390625
-0.958464347 -0.551633256 0.697344906 0.0943994706 -0.122942842 -0.0658719801 0.00390625
-0.773451635 -0.731454102 -0.114953715 0.080361992 -0.125495424 -0.0294251806 0.00390625
-0.557831585 1.16306267 -0.314958859 -0.117193806 -0.0584255943 0.00588135785 0.00390625
-0.250782549 0.258601531 -0.526635705 -0.00621007203 -0.0349825404 0.0520788427 0.00390625
4.14881753 -1.13585353 1.36882306 0.116339481 0.501286247 -0.0152851463 0.00390625
-0.0289856677 0.0450999862 0.128148767 -0.0404793451 -0.0544981569 0.0486327071 0.00390625
-0.306724882 -0.886229466 0.172697342 0.103782681 0.000692725611 0.0400629407 0.00390625
0.0848589554 -0.127071135 -0.0351422364 0.0530009594 -0.0222063724 0.0291258293 0.00390625
-1.13247192 -0.120575856 -0.0490382893 -0.00620195823 -0.130985809 0.0377337827 0.00390625
-0.306245212 -0.14871353 -1.20991967 0.0472625542 -0.0241305169 0.0238269466 0.00390625
1.03113983 -0.0750337557 0.629130305 0.0148187094 0.128303392 -0.07350222 0.00390625
-1.11140606 -0.33619539 0.0412866207 0.0879716072 -0.142742352 0.061027246 0.00390625
1.13996381 -0.534280059 1.57796439 0.0672322892 0.116228575 0.0251136032 0.00390625
0.44636488 -0.428508635 -0.483192695 0.0490523488 0.00654550994 -0.0301953466 0.00390625
-0.0997517106 0.241330094 -0.000873376202 0.00907975836 -0.0353676782 0.114248158 0.00390625
-0.0303081321 -0.0537572002 0.135448449 0.0319261826 -0.00473395001 0.0409347417 0.00390625
-0.104994042 1.44635765 0.382947479 -0.192221064 -0.024856041 -0.0152867824 0.00390625
0.29780443 0.0501987475 0.148865523 0.00975595486 0.0272394906 0.0290840497 0.00390625
-0.645428182 -1.77921161 -0.645810867 0.202154615 -0.0698358449 0.0260854927 0.00390625
0.180458804 -0.128249301 0.811621735 -0.032227719 0.0627473796 0.020333709 0.00390625
-0.74631064 1.10318604 -0.936953362 -0.137895959 -0.0955470209 0.0268193638 0.00390625
-0.620975279 1.09877283 -0.865017186 -0.119377943 -0.0592466112 0.00503390919 0.00390625
4.26421237 0.748793683 -5.37120181 -0.11017905 0.511876318 0.0481032828 0.00390625
-0.0113400345 -0.901619963 -0.183625998 0.0985027014 -0.0172121156 0.0274868148 0.00390625
0.0611212707 -1.42497844 -0.415230128 0.154746449 -0.0185493523 -0.0221868725 0.00390625
-0.0247025128 0.356568205 -0.567007909 -0.00928392885 -0.0490282124 -0.0128798529 0.00390625
0.24475553 0.255240537 0.625919023 -0.0252072721 0.0209840501 0.00779358174 0.00390625
1.22504796 -0.126138511 -0.402470833 0.0445392288 0.143898931 0.030593644 0.00390625
1.0019728 0.219304824 0.660308722 -0.0584870299 0.143188467 0.0650515561 0.00390625
-0.990047977 -0.767953817 0.493909826 0.102508405 -0.134780408 0.0146367585 0.00390625
0.269691992 -3.16700538 0.0254531136 0.398560685 0.0355294803 -0.0362834745 0.00390625
-1.7207097 -0.107701535 1.20898027 -0.014910481 -0.211051296 -0.0264146033 0.00390625
-0.0308299592 1.04633494 1.06537967 -0.120755491 -0.0246991256 0.0191357248 0.00390625
-0.064313094 -0.462818586 0.762659146 0.0813367179 0.00787505206 -0.0222941288 0.00390625
-0.339665025 0.413462363 0.111937259 -0.0302715046 -0.0463280342 -0.0181809935 0.00390625
-0.858449968 -1.02724733 -0.152179059 0.163929642 -0.0861577377 -0.030054498 0.00390625
0.512015227 0.0412320494 0.413842737 -0.00801026852 0.0431060047 -0.017689139 0.00390625
0.228562119 0.270331779 0.914151983 -0.0309256669 0.0308890699 -0.0105554719 0.00390625
0.330381337 -0.119831317 0.138654299 0.0217969394 0.0562789507 0.0472288565 0.00390625
2.70793323 3.97433266 -4.0700613 -0.485082757 0.324683982 -0.0664394266 0.00390625
-1.99617531 -0.741996334 -2.58945252 0.0662350477 -0.266908257 -0.00110060622 0.00390625
0.389110032 0.552336353 0.146166631 -0.0707396031 0.036859559 0.0786150289 0.00390625
-0.949357205 -0.0788870026 -0.176964557 0.00977063743 -0.118581858 0.000995261374 0.00390625
-0.254259783 0.728212815 2.53365136 -0.091957329 -0.0108596477 -0.0261737611 0.00390625
-0.0839629971 1.41413742 0.323383531 -0.195555928 -0.0406616117 -0.00614966226 0.00390625
1.57528104 -0.186353336 0.461949761 0.0425798831 0.211038093 -0.0197811497 0.00390625
-0.854970027 -0.243050401 -0.524944091 0.0209914475 -0.108360095 -0.030016554 0.00390625
